 16 
 16 
 16 
 151 
 151 
 151 
 151 
 0 
 0 
 0 
 16 
 151 
 151 
 16 
 16 
 16 
 16 
 151 
 151 
 0 
 151 
 151 
 16 
 16 
 16 
 16 
 16 
 16 
 151 
 151 
 151 
 0 
 16 
 16 
 16 
 16 
 79 
 16 
 0 
 151 
 151 
 16 
 16 
 16 
 16 
 16 
 16 
 16 
 0 
 151 
 151 
 0 
 16 
 16 
 16 
 16 
 16 
 16 
 16 
 151 
 151 
 151 
 16 
 16 
 16 
 16 
 16 
 16 
 151 
 151 
 16 
 151 
 151 
 16 
 16 
 16 
 16 
 151 
 151 
 16 
 16 
 16 
 151 
 151 
 151 
 151 
 151 
 151 
 16 
 16 
 0 
 16 
 16 
 16 
 16 
 16 
 16 
 16 
 16 
 0 
