 16 
 16 
 16 
 16 
 25 
 25 
 16 
 16 
 16 
 16 
 16 
 16 
 26 
 27 
 28 
 28 
 27 
 26 
 16 
 16 
 16 
 26 
 28 
 29 
 29 
 29 
 29 
 28 
 26 
 16 
 16 
 27 
 29 
 29 
 29 
 29 
 29 
 29 
 27 
 16 
 25 
 28 
 29 
 29 
 14 
 30 
 29 
 29 
 28 
 25 
 25 
 28 
 29 
 29 
 30 
 30 
 29 
 29 
 28 
 25 
 16 
 27 
 29 
 29 
 29 
 29 
 29 
 29 
 27 
 16 
 16 
 26 
 28 
 29 
 29 
 29 
 29 
 28 
 26 
 16 
 16 
 16 
 26 
 27 
 28 
 28 
 27 
 26 
 16 
 16 
 16 
 16 
 16 
 16 
 25 
 25 
 16 
 16 
 16 
 16 
