 16 
 16 
 16 
 16 
 1 
 104 
 176 
 16 
 16 
 16 
 16 
 16 
 16 
 16 
 32 
 104 
 79 
 16 
 16 
 16 
 16 
 16 
 16 
 16 
 55 
 176 
 55 
 16 
 16 
 16 
 16 
 16 
 16 
 16 
 79 
 79 
 32 
 16 
 16 
 16 
 16 
 16 
 16 
 16 
 176 
 55 
 1 
 16 
 16 
 16 
 16 
 1 
 32 
 1 
 104 
 32 
 104 
 176 
 79 
 176 
 16 
 16 
 104 
 55 
 32 
 1 
 32 
 55 
 104 
 27 
 16 
 16 
 16 
 176 
 79 
 104 
 55 
 79 
 16 
 16 
 16 
 16 
 16 
 16 
 1 
 176 
 1 
 16 
 16 
 16 
 16 
 16 
 16 
 16 
 16 
 32 
 16 
 16 
 16 
 16 
