18
19
 19
 19
 19
 19
 19
 19
 19
 19
 19
 19
 19
 19
 19
 19
 19
 19
 19
 19
 19
 19
 19
 19
 19
 19
 19
 19
 19
 18
 18
 19
20
 20
 20
 20
 20
 20
 20
 20
 20
 20
 20
 20
 20
 20
 20
 20
 20
 20
 20
 20
 20
 20
 20
 20
 20
 20
 19
 18
 18
 19
 20
22
 22
 22
 22
 22
 22
 22
 22
 22
 22
 22
 22
 22
 22
 22
 22
 22
 22
 22
 22
 22
 22
 22
 22
 20
 19
 18
 18
 19
 20
 22
 22
 22
 22
 22
 22
 22
 22
 22
 22
 22
 22
 22
 22
 22
 22
 22
 22
 22
 22
 22
 22
 22
 22
 20
 19
 18
 18
 19
 20
 22
 22
25
 22
 22
 22
 22
 22
 25
 22
 22
 25
 25
 25
 25
 22
26
 26
 26
 26
 26
 22
 22
 22
 20
 19
 18
 18
 19
 20
 22
 22
 25
 22
 22
 22
 22
 22
 25
 22
 25
 22
 22
 22
 22
 22
 26
 22
 22
 22
 22
 22
 22
 22
 20
 19
 18
 18
 19
 20
 22
 22
 25
 22
 22
 22
 22
 22
 25
 22
 25
 22
 22
 22
 22
 22
 26
 22
 22
 22
 22
 22
 22
 22
 20
 19
 18
 18
 19
 20
 22
 22
 25
 22
 22
 22
 22
 22
 25
 22
 22
 25
 25
 25
 22
 22
 26
 26
 26
 22
 22
 22
 22
 22
 20
 19
 18
 18
 19
 20
 22
 22
 25
 22
 22
 22
 22
 22
 25
 22
 22
 22
 22
 22
 25
 22
 26
 22
 22
 22
 22
 22
 22
 22
 20
 19
 18
 18
 19
 20
 22
 22
 25
 22
 22
 22
 22
 22
 25
 22
 22
 22
 22
 22
 25
 22
 26
 22
 22
 22
 22
 22
 22
 22
 20
 19
 18
 18
 19
 20
 22
 22
 22
 25
 25
 25
 25
 25
 22
 22
 25
 25
 25
 25
 22
 22
 26
 26
 26
 26
 26
 22
 22
 22
 20
 19
 18
 18
 19
 20
 22
 22
 22
 22
 22
 22
 22
 22
 22
 22
 22
 22
 22
 22
 22
 22
 22
 22
 22
 22
 22
 22
 22
 22
 20
 19
 18
 18
 19
 20
 22
 22
 22
 22
 22
 22
 22
 22
 22
 22
 22
 22
 22
 22
 22
 22
 22
 22
 22
 22
 22
 22
 22
 22
 20
 19
 18
 18
 19
 20
 20
 20
 20
 20
 20
 20
 20
 20
 20
 20
 20
 20
 20
 20
 20
 20
 20
 20
 20
 20
 20
 20
 20
 20
 20
 19
 18
 18
 19
 19
 19
 19
 19
 19
 19
 19
 19
 19
 19
 19
 19
 19
 19
 19
 19
 19
 19
 19
 19
 19
 19
 19
 19
 19
 19
 19
 18
 18
 18
 18
 18
 18
 18
 18
 18
 18
 18
 18
 18
 18
 18
 18
 18
 18
 18
 18
 18
 18
 18
 18
 18
 18
 18
 18
 18
 18
 18

