 16 
 16 
 16 
 16 
 16 
 16 
 16 
 16 
 16 
 16 
 16 
 16 
 16 
 16 
 17 
 17 
 16 
 16 
 16 
 16 
 16 
 16 
 16 
 16 
 66 
 66 
 16 
 16 
 16 
 16 
 16 
 16 
 16 
 16 
 66 
 66 
 16 
 16 
 16 
 16 
 209 
 16 
 16 
 223 
 223 
 223 
 223 
 16 
 16 
 16 
 245 
 209 
 16 
 66 
 223 
 223 
 66 
 16 
 16 
 16 
 247 
 16 
 209 
 66 
 188 
 188 
 66 
 16 
 16 
 16 
 16 
 16 
 16 
 209 
 186 
 186 
 16 
 16 
 16 
 16 
 16 
 16 
 16 
 16 
 209 
 186 
 16 
 16 
 16 
 16 
 16 
 16 
 16 
 17 
 17 
 17 
 17 
 16 
 16 
 16 
