 16 
 16 
 16 
 16 
 16 
 16 
 16 
 16 
 16 
 16 
 16 
 16 
 16 
 16 
 14 
 14 
 16 
 16 
 16 
 16 
 16 
 16 
 16 
 14 
 66 
 66 
 14 
 16 
 16 
 16 
 16 
 16 
 16 
 14 
 66 
 66 
 14 
 16 
 16 
 16 
 16 
 16 
 16 
 236 
 236 
 236 
 236 
 16 
 16 
 16 
 16 
 16 
 16 
 66 
 236 
 236 
 66 
 16 
 16 
 16 
 16 
 16 
 16 
 66 
 186 
 186 
 66 
 16 
 16 
 16 
 16 
 16 
 16 
 16 
 105 
 105 
 16 
 16 
 16 
 16 
 16 
 16 
 16 
 16 
 105 
 105 
 16 
 16 
 16 
 16 
 16 
 16 
 16 
 186 
 186 
 185 
 185 
 16 
 16 
 16 
