 16 
 16 
 16 
 16 
 16 
 16 
 16 
 16 
 16 
 16 
 16 
 16 
 16 
 16 
 215 
 215 
 16 
 16 
 16 
 16 
 16 
 16 
 16 
 16 
 66 
 66 
 16 
 16 
 16 
 16 
 16 
 16 
 16 
 16 
 66 
 66 
 16 
 16 
 16 
 16 
 16 
 16 
 16 
 112 
 112 
 112 
 112 
 16 
 16 
 16 
 16 
 16 
 16 
 66 
 112 
 112 
 66 
 16 
 16 
 16 
 16 
 16 
 16 
 66 
 186 
 186 
 66 
 16 
 16 
 16 
 16 
 16 
 16 
 16 
 105 
 105 
 16 
 16 
 16 
 16 
 16 
 16 
 16 
 16 
 105 
 105 
 16 
 16 
 16 
 16 
 16 
 16 
 16 
 186 
 186 
 185 
 185 
 16 
 16 
 16 
