 16 
 16 
 16 
 16 
 16 
 16 
 16 
 16 
 16 
 16 
 16 
 16 
 16 
 16 
 16 
 16 
 16 
 16 
 16 
 16 
 16 
 16 
 16 
 16 
 66 
 66 
 16 
 16 
 16 
 16 
 16 
 16 
 16 
 16 
 66 
 66 
 16 
 16 
 16 
 16 
 16 
 16 
 16 
 140 
 140 
 140 
 140 
 16 
 16 
 16 
 16 
 16 
 16 
 66 
 140 
 140 
 66 
 16 
 16 
 16 
 16 
 16 
 16 
 66 
 186 
 186 
 66 
 16 
 16 
 16 
 16 
 16 
 16 
 16 
 105 
 105 
 16 
 16 
 16 
 16 
 16 
 16 
 16 
 16 
 105 
 105 
 16 
 16 
 16 
 16 
 16 
 16 
 16 
 186 
 186 
 185 
 185 
 16 
 16 
 16 
