 1 
 1 
 1 
 1 
 44 
 44 
 1 
 1 
 1 
 1 
 1 
 1 
 1 
 14 
 66 
 66 
 14 
 1 
 1 
 1 
 1 
 1 
 1 
 1 
 66 
 66 
 1 
 1 
 1 
 1 
 1 
 1 
 1 
 33 
 33 
 33 
 33 
 1 
 1 
 1 
 1 
 1 
 1 
 66 
 33 
 33 
 66 
 1 
 1 
 1 
 1 
 1 
 1 
 66 
 33 
 33 
 66 
 1 
 1 
 1 
 1 
 1 
 1 
 1 
 33 
 33 
 1 
 1 
 1 
 1 
 1 
 1 
 1 
 1 
 114 
 115 
 1 
 1 
 1 
 1 
 1 
 1 
 1 
 1 
 114 
 115 
 1 
 1 
 1 
 1 
 1 
 1 
 1 
 113 
 113 
 114 
 114 
 1 
 1 
 1 
