 254 
 254 
 254 
 254 
 254 
 254 
 254 
 254 
 254 
 254 
 254 
 254 
 254 
 254 
 215 
 215 
 254 
 254 
 254 
 254 
 254 
 254 
 254 
 254 
 66 
 66 
 254 
 254 
 254 
 254 
 254 
 254 
 254 
 254 
 66 
 66 
 254 
 254 
 254 
 254 
 254 
 254 
 254 
 193 
 193 
 193 
 193 
 254 
 254 
 254 
 254 
 254 
 254 
 66 
 193 
 192 
 66 
 254 
 254 
 254 
 254 
 254 
 254 
 66 
 186 
 186 
 66 
 254 
 254 
 254 
 254 
 254 
 254 
 254 
 190 
 191 
 254 
 254 
 254 
 254 
 254 
 254 
 254 
 254 
 190 
 190 
 254 
 254 
 254 
 254 
 254 
 254 
 254 
 186 
 186 
 185 
 185 
 254 
 254 
 254 
