 16 
 16 
 151 
 151 
 151 
 151 
 151 
 16 
 16 
 16 
 16 
 151 
 151 
 14 
 66 
 66 
 14 
 151 
 151 
 16 
 151 
 151 
 79 
 16 
 66 
 66 
 16 
 16 
 151 
 151 
 151 
 16 
 16 
 33 
 33 
 33 
 79 
 16 
 16 
 151 
 151 
 16 
 16 
 66 
 33 
 33 
 66 
 16 
 16 
 151 
 151 
 16 
 16 
 66 
 33 
 33 
 66 
 16 
 16 
 151 
 151 
 16 
 16 
 16 
 33 
 33 
 16 
 16 
 16 
 151 
 151 
 151 
 16 
 16 
 114 
 115 
 16 
 16 
 151 
 151 
 16 
 151 
 151 
 16 
 114 
 79 
 16 
 151 
 151 
 16 
 16 
 16 
 151 
 151 
 151 
 151 
 151 
 151 
 16 
 16 
