 254 
 254 
 254 
 254 
 254 
 254 
 254 
 254 
 254 
 254 
 254 
 254 
 254 
 254 
 254 
 254 
 254 
 254 
 254 
 254 
 254 
 254 
 254 
 254 
 254 
 254 
 254 
 254 
 254 
 254 
 254 
 254 
 254 
 254 
 254 
 254 
 254 
 254 
 254 
 254 
 254 
 254 
 254 
 254 
 254 
 254 
 254 
 254 
 254 
 254 
 254 
 254 
 113 
 254 
 254 
 254 
 254 
 254 
 113 
 254 
 254 
 27 
 113 
 113 
 113 
 113 
 113 
 113 
 254 
 254 
 16 
 113 
 113 
 113 
 113 
 113 
 113 
 113 
 254 
 254 
 254 
 254 
 254 
 113 
 254 
 254 
 254 
 113 
 254 
 254 
 254 
 254 
 254 
 113 
 254 
 254 
 254 
 113 
 254 
 254 
