 16 
 16 
 16 
 16 
 16 
 16 
 16 
 16 
 16 
 16 
 16 
 16 
 16 
 16 
 17 
 17 
 16 
 16 
 16 
 16 
 16 
 16 
 16 
 16 
 66 
 66 
 16 
 16 
 16 
 16 
 16 
 16 
 16 
 16 
 66 
 66 
 16 
 16 
 16 
 16 
 16 
 16 
 16 
 198 
 198 
 198 
 198 
 16 
 16 
 16 
 16 
 16 
 16 
 66 
 198 
 198 
 66 
 16 
 16 
 16 
 16 
 16 
 23 
 66 
 188 
 188 
 66 
 16 
 16 
 16 
 16 
 16 
 16 
 16 
 186 
 186 
 16 
 16 
 16 
 16 
 16 
 16 
 16 
 16 
 186 
 186 
 16 
 16 
 16 
 16 
 16 
 16 
 16 
 17 
 17 
 17 
 17 
 16 
 16 
 16 
