 254 
 254 
 254 
 254 
 44 
 44 
 254 
 254 
 254 
 254 
 254 
 254 
 254 
 14 
 66 
 66 
 14 
 254 
 254 
 254 
 254 
 254 
 254 
 254 
 66 
 66 
 254 
 254 
 254 
 254 
 254 
 254 
 254 
 33 
 33 
 33 
 33 
 254 
 254 
 254 
 254 
 254 
 254 
 66 
 33 
 33 
 66 
 254 
 254 
 254 
 254 
 254 
 254 
 66 
 33 
 33 
 66 
 254 
 254 
 254 
 254 
 254 
 254 
 254 
 33 
 33 
 254 
 254 
 254 
 254 
 254 
 254 
 254 
 254 
 114 
 115 
 254 
 254 
 254 
 254 
 254 
 254 
 254 
 254 
 114 
 115 
 254 
 254 
 254 
 254 
 254 
 254 
 254 
 113 
 113 
 114 
 114 
 254 
 254 
 254 
