 16 
 16 
 16 
 16 
 29 
 28 
 27 
 16 
 16 
 16 
 16 
 16 
 16 
 27 
 66 
 66 
 27 
 16 
 16 
 16 
 16 
 16 
 16 
 16 
 27 
 27 
 16 
 16 
 16 
 16 
 16 
 16 
 16 
 105 
 28 
 28 
 105 
 16 
 16 
 16 
 16 
 16 
 105 
 105 
 105 
 105 
 105 
 105 
 16 
 16 
 16 
 66 
 105 
 105 
 105 
 105 
 105 
 105 
 66 
 16 
 16 
 66 
 105 
 105 
 105 
 105 
 105 
 105 
 66 
 16 
 16 
 16 
 128 
 128 
 105 
 105 
 128 
 128 
 16 
 16 
 16 
 128 
 128 
 128 
 105 
 105 
 128 
 128 
 128 
 16 
 16 
 128 
 128 
 97 
 100 
 101 
 97 
 128 
 128 
 16 
