 16 
 16 
 16 
 114 
 114 
 114 
 16 
 16 
 16 
 16 
 16 
 16 
 16 
 23 
 16 
 23 
 16 
 16 
 16 
 16 
 16 
 16 
 16 
 23 
 16 
 23 
 16 
 16 
 16 
 16 
 16 
 16 
 23 
 16 
 16 
 16 
 23 
 16 
 16 
 16 
 16 
 16 
 23 
 1 
 1 
 32 
 23 
 16 
 16 
 16 
 16 
 16 
 23 
 1 
 1 
 1 
 23 
 16 
 16 
 16 
 16 
 16 
 23 
 1 
 1 
 1 
 23 
 16 
 16 
 16 
 16 
 16 
 23 
 1 
 1 
 1 
 23 
 16 
 16 
 16 
 16 
 16 
 23 
 1 
 1 
 1 
 23 
 16 
 16 
 16 
 16 
 16 
 23 
 23 
 23 
 23 
 23 
 16 
 16 
 16 
