No name given
 25 
 17 
 18 
#
 1 
 15 
 14 
 1 
 15 
 1 
#
 2 
 14 
 1 
 5 
 7 
 0 
#
 3 
 2 
 12 
 19 
 5 
 2 
#
 4 
 15 
 11 
 10 
 17 
 3 
#
 5 
 18 
 20 
 7 
 4 
 4 
#
 6 
 2 
 15 
 16 
 13 
 0 
#
 7 
 10 
 15 
 2 
 19 
 5 
#
 8 
 19 
 18 
 1 
 0 
 6 
#
 9 
 14 
 18 
 3 
 0 
 0 
#
 10 
 12 
 8 
 9 
 0 
 7 
#
 11 
 18 
 17 
 3 
 4 
 0 
#
 12 
 1 
 8 
 18 
 9 
 0 
#
 13 
 13 
 20 
 8 
 8 
 8 
#
 14 
 5 
 6 
 14 
 9 
 9 
#
 15 
 12 
 19 
 4 
 0 
 10 
#
 16 
 3 
 15 
 11 
 19 
 11 
#
 17 
 9 
 9 
 17 
 3 
 12 
#
 18 
 5 
 7 
 20 
 12 
 13 
#
 19 
 12 
 1 
 15 
 17 
 0 
#
 20 
 11 
 3 
 4 
 15 
 0 
#
 21 
 6 
 20 
 5 
 9 
 0 
#
 22 
 7 
 3 
 1 
 0 
 14 
#
 23 
 20 
 9 
 19 
 0 
 15 
#
 24 
 17 
 17 
 5 
 0 
 16 
#
 25 
 1 
 12 
 9 
 18 
 17 
