 25 
 17 
 22 
 20 
 18 
 24 
 21 
 21 
 22 
 17 
 20 
 23 
 19 
 20 
 22 
 21 
 20 
 20 
 20 
 22 
 21 
 21 
 22 
 19 
 21 
 21 
 20 
 17 
 17 
 17 
 17 
 17 
 17 
 17 
 17 
 17 
 17 
 17 
 17 
 17 
 17 
 17 
 17 
 17 
 17 
 17 
 17 
 17 
 17 
 17 
 17 
 17 
 17 
 17 
 17 
 17 
 17 
 17 
 17 
 17 
 17 
 17 
 17 
 17 
 17 
 17 
 17 
 17 
 17 
 17 
 17 
 17 
 17 
 17 
 17 
 17 
 17 
 17 
 17 
 17 
 17 
 17 
 17 
 17 
 17 
 62 
 17 
 17 
 17 
 17 
 17 
 17 
 17 
 17 
 17 
 17 
 17 
 17 
 17 
 17 
 17 
 17 
 20 
 20 
 20 
 20 
 20 
 20 
 20 
 20 
 19 
 20 
 20 
 20 
 20 
 20 
 20 
 20 
 20 
 20 
 20 
 20 
 20 
 20 
 20 
 20 
 20 
 20 
 20 
 20 
 20 
 20 
 20 
 20 
 20 
 19 
 20 
 20 
 20 
 20 
 20 
 20 
 20 
 20 
 20 
 20 
 20 
 20 
 20 
 20 
 20 
 20 
 20 
 20 
 20 
 20 
 20 
 20 
 20 
 20 
 19 
 20 
 20 
 20 
 20 
 20 
 20 
 20 
 20 
 20 
 20 
 20 
 20 
 20 
 20 
 20 
 20 
 20 
 20 
 20 
 20 
 20 
 20 
 20 
 20 
 19 
 20 
 20 
 20 
 20 
 20 
 20 
 20 
 20 
 20 
 20 
 20 
 20 
 20 
 20 
 20 
 20 
 20 
 20 
 20 
 20 
 20 
 20 
 20 
 20 
 19 
 20 
 20 
 20 
 20 
 20 
 20 
 20 
 20 
 20 
 20 
 20 
 20 
 20 
 20 
 20 
 20 
 20 
 20 
 20 
 20 
 20 
 20 
 20 
 20 
 19 
 20 
 20 
 20 
 20 
 20 
 20 
 20 
 20 
 20 
 20 
 20 
 20 
 20 
 20 
 20 
 20 
 20 
 20 
 20 
 20 
 20 
 20 
 20 
 20 
 19 
 20 
 20 
 20 
 20 
 20 
 20 
 20 
 20 
 20 
 20 
 20 
 20 
 20 
 20 
 20 
 20 
 20 
 20 
 20 
 20 
 20 
 20 
 20 
 20 
 19 
 20 
 20 
 20 
 20 
 20 
 20 
 20 
 20 
 20 
 20 
 20 
 20 
 20 
 20 
 20 
 20 
 20 
 20 
 20 
 20 
 20 
 20 
 20 
 20 
 19 
 20 
 20 
 20 
 20 
 20 
 20 
 20 
 20 
 20 
 20 
 20 
 20 
 20 
 20 
 20 
 20 
 20 
 20 
 20 
 20 
 20 
 20 
 20 
 20 
 19 
 20 
 20 
 20 
 20 
 20 
 20 
 20 
 20 
 20 
 20 
 20 
 20 
 20 
 20 
 20 
 20 
 20 
 20 
 20 
 20 
 20 
 20 
 20 
 20 
 19 
 18 
 18 
 18 
 18 
 18 
 18 
 18 
 18 
 18 
 18 
 18 
 18 
 18 
 18 
 18 
 18 
 20 
 20 
 20 
 20 
 20 
 20 
 20 
 20 
 20 
 20 
 20 
 20 
 20 
 20 
 20 
 20 
 20 
 20 
 20 
 20 
 20 
 20 
 20 
 20 
 20 
 22 
 25 
 21 
 21 
 20 
 24 
 22 
 22 
 18 
 23 
 20 
 0 
 0 
 0 
 0 
 0 
 20 
 21 
 20 
 20 
 19 
 21 
 19 
 20 
 22 
 20 
 21 
 20 
 20 
 22 
 22 
 18 
 20 
 21 
 21 
 22 
 20 
 19 
 22 
 24 
 21 
 23 
 19 
 21 
 21 
 21 
 21 
 21 
 21 
 22 
