 40 
 40 
 40 
 16 
 16 
 40 
 16 
 16 
 16 
 40 
 40 
 16 
 16 
 16 
 16 
 16 
 40 
 16 
 40 
 16 
 40 
 40 
 16 
 16 
 16 
 16 
 16 
 40 
 16 
 16 
 40 
 16 
 16 
 16 
 16 
 16 
 40 
 16 
 40 
 16 
 40 
 40 
 40 
 16 
 16 
 40 
 16 
 16 
 16 
 40 
 16 
 16 
 16 
 16 
 16 
 16 
 16 
 16 
 16 
 16 
 40 
 40 
 40 
 40 
 40 
 16 
 40 
 40 
 40 
 40 
 16 
 16 
 40 
 16 
 16 
 16 
 16 
 16 
 40 
 16 
 16 
 16 
 40 
 16 
 16 
 16 
 16 
 16 
 40 
 16 
 40 
 40 
 40 
 40 
 40 
 16 
 16 
 16 
 40 
 16 
