25
17
00,00,00,00,00,00,00,00,00,00,00,00,00,00,00,00,00,00,00,00,00,00,00,00,00
03,03,03,03,03,03,03,03,03,03,03,03,03,03,03,03,03,03,03,03,03,03,03,03,03
03,03,03,03,03,03,03,03,03,03,03,03,03,03,03,03,03,03,03,03,03,03,03,03,03
03,03,03,03,03,03,03,03,03,03,03,03,03,03,03,03,03,03,03,03,03,03,03,03,03
03,03,03,03,03,03,03,03,03,03,03,03,03,03,03,03,03,04,04,04,04,03,03,03,03
03,03,03,03,03,03,03,03,03,03,03,03,03,03,03,03,04,04,03,03,04,03,03,03,03
03,03,03,03,03,03,03,03,03,03,03,03,03,03,03,03,04,03,03,03,04,03,03,03,03
04,04,04,03,03,04,04,04,04,04,04,04,04,04,04,04,04,03,03,03,04,04,03,04,04
03,03,04,04,03,04,03,03,03,03,03,03,04,03,03,03,03,03,03,03,03,04,03,04,03
03,03,03,04,04,04,03,03,03,03,03,03,04,03,03,03,03,03,03,03,03,04,04,04,03
03,03,03,03,03,03,03,03,03,03,03,03,04,03,03,03,03,03,03,03,03,03,03,03,03
03,03,03,03,03,03,03,03,03,03,03,03,04,03,03,03,03,03,03,03,03,03,03,03,03
03,03,03,03,03,03,03,03,03,03,03,04,04,03,03,03,03,03,03,03,03,03,03,03,03
03,03,03,03,03,03,03,03,03,03,03,04,03,03,03,03,03,03,03,03,03,03,03,03,03
03,03,03,03,03,03,03,03,03,03,03,04,03,03,03,03,03,03,03,03,03,03,03,03,03
03,03,03,03,03,03,03,03,03,03,03,04,03,03,03,03,03,03,03,03,03,03,03,03,03
00,00,00,00,00,00,00,00,00,00,00,00,00,00,00,00,00,00,00,00,00,00,00,00,00
^

