 0 
 16 
 0 
 16 
 114 
 114 
 16 
 0 
 0 
 0 
 114 
 16 
 16 
 16 
 114 
 114 
 16 
 0 
 0 
 114 
 0 
 114 
 114 
 114 
 114 
 114 
 114 
 114 
 114 
 0 
 0 
 0 
 16 
 114 
 114 
 114 
 114 
 0 
 0 
 0 
 0 
 0 
 16 
 114 
 114 
 114 
 114 
 16 
 0 
 0 
 0 
 0 
 16 
 114 
 114 
 114 
 114 
 16 
 0 
 0 
 0 
 16 
 114 
 114 
 114 
 114 
 114 
 114 
 16 
 0 
 114 
 114 
 16 
 16 
 21 
 21 
 16 
 16 
 114 
 114 
 16 
 16 
 16 
 16 
 21 
 21 
 16 
 16 
 16 
 16 
 0 
 16 
 16 
 16 
 23 
 23 
 16 
 16 
 16 
 16 
