 0 
 0 
 0 
 114 
 114 
 114 
 209 
 0 
 0 
 0 
 0 
 0 
 0 
 114 
 114 
 114 
 114 
 0 
 0 
 0 
 0 
 0 
 19 
 16 
 16 
 16 
 16 
 19 
 0 
 0 
 0 
 0 
 0 
 19 
 16 
 16 
 19 
 0 
 0 
 0 
 0 
 0 
 19 
 16 
 16 
 16 
 16 
 19 
 0 
 0 
 0 
 0 
 19 
 41 
 41 
 40 
 40 
 19 
 0 
 0 
 0 
 19 
 12 
 40 
 40 
 40 
 40 
 4 
 19 
 0 
 19 
 12 
 40 
 40 
 40 
 40 
 40 
 40 
 4 
 19 
 19 
 12 
 40 
 40 
 40 
 40 
 40 
 4 
 4 
 19 
 0 
 19 
 19 
 19 
 19 
 19 
 19 
 19 
 19 
 0 
