 16 
 16 
 16 
 16 
 16 
 16 
 16 
 16 
 16 
 16 
 16 
 27 
 16 
 16 
 16 
 16 
 16 
 16 
 16 
 16 
 28 
 28 
 27 
 16 
 16 
 16 
 16 
 16 
 16 
 16 
 16 
 28 
 28 
 27 
 16 
 16 
 16 
 16 
 16 
 16 
 16 
 16 
 28 
 28 
 26 
 114 
 186 
 16 
 16 
 16 
 16 
 16 
 16 
 16 
 114 
 186 
 186 
 186 
 16 
 16 
 16 
 16 
 16 
 16 
 16 
 16 
 186 
 186 
 16 
 16 
 16 
 16 
 16 
 16 
 16 
 16 
 16 
 16 
 16 
 16 
 16 
 16 
 16 
 16 
 16 
 16 
 16 
 16 
 16 
 16 
 16 
 16 
 16 
 16 
 16 
 16 
 16 
 16 
 16 
 16 
