 16 
 16 
 16 
 16 
 16 
 16 
 16 
 43 
 44 
 16 
 16 
 16 
 16 
 16 
 16 
 44 
 44 
 44 
 16 
 16 
 16 
 16 
 16 
 43 
 43 
 43 
 43 
 16 
 16 
 16 
 16 
 16 
 40 
 41 
 42 
 42 
 43 
 16 
 16 
 16 
 4 
 40 
 41 
 42 
 41 
 42 
 16 
 16 
 16 
 16 
 4 
 42 
 40 
 41 
 42 
 41 
 40 
 16 
 16 
 16 
 16 
 40 
 41 
 40 
 41 
 40 
 42 
 16 
 16 
 16 
 16 
 4 
 39 
 40 
 4 
 4 
 16 
 16 
 16 
 16 
 16 
 16 
 4 
 4 
 16 
 16 
 16 
 16 
 16 
 16 
 16 
 16 
 16 
 16 
 16 
 16 
 16 
 16 
 16 
 16 
