 16 
 31 
 16 
 16 
 31 
 16 
 16 
 31 
 31 
 0 
 16 
 31 
 31 
 16 
 31 
 16 
 31 
 16 
 0 
 31 
 0 
 31 
 16 
 31 
 31 
 16 
 31 
 16 
 16 
 31 
 0 
 31 
 16 
 16 
 31 
 16 
 16 
 31 
 31 
 0 
 0 
 16 
 16 
 16 
 16 
 16 
 16 
 16 
 0 
 0 
 0 
 31 
 16 
 16 
 31 
 16 
 31 
 31 
 31 
 15 
 16 
 31 
 31 
 16 
 31 
 16 
 31 
 16 
 16 
 0 
 16 
 31 
 16 
 16 
 31 
 16 
 31 
 15 
 15 
 16 
 16 
 31 
 16 
 15 
 15 
 16 
 15 
 16 
 16 
 16 
 0 
 15 
 16 
 16 
 15 
 16 
 15 
 15 
 15 
 15 
