 16 
 115 
 6 
 6 
 6 
 6 
 6 
 6 
 6 
 115 
 16 
 16 
 66 
 66 
 66 
 66 
 66 
 66 
 66 
 16 
 16 
 66 
 66 
 20 
 66 
 20 
 20 
 66 
 16 
 16 
 66 
 66 
 20 
 66 
 20 
 66 
 66 
 16 
 16 
 16 
 66 
 66 
 66 
 66 
 66 
 66 
 66 
 16 
 16 
 16 
 16 
 66 
 20 
 66 
 20 
 66 
 66 
 66 
 16 
 16 
 16 
 16 
 66 
 20 
 66 
 20 
 20 
 66 
 66 
 16 
 16 
 16 
 66 
 66 
 66 
 66 
 66 
 66 
 66 
 16 
 16 
 66 
 20 
 20 
 20 
 66 
 20 
 66 
 16 
 16 
 115 
 6 
 6 
 6 
 6 
 6 
 6 
 6 
 115 
 16 
