 0 
 0 
 0 
 114 
 114 
 114 
 209 
 0 
 0 
 0 
 0 
 0 
 0 
 114 
 114 
 114 
 114 
 0 
 0 
 0 
 0 
 0 
 19 
 16 
 16 
 16 
 16 
 19 
 0 
 0 
 0 
 0 
 0 
 19 
 16 
 16 
 19 
 0 
 0 
 0 
 0 
 0 
 19 
 16 
 16 
 16 
 16 
 19 
 0 
 0 
 0 
 0 
 19 
 72 
 72 
 72 
 2 
 19 
 0 
 0 
 0 
 19 
 10 
 2 
 2 
 2 
 2 
 119 
 19 
 0 
 19 
 48 
 2 
 2 
 2 
 2 
 2 
 2 
 120 
 19 
 19 
 48 
 2 
 2 
 2 
 2 
 2 
 120 
 144 
 19 
 0 
 19 
 19 
 19 
 19 
 19 
 19 
 19 
 19 
 0 
