 16 
 16 
 16 
 16 
 16 
 16 
 16 
 16 
 16 
 0 
 16 
 16 
 16 
 16 
 16 
 16 
 16 
 16 
 16 
 16 
 16 
 16 
 20 
 20 
 20 
 20 
 20 
 16 
 16 
 0 
 0 
 20 
 20 
 20 
 112 
 20 
 20 
 20 
 16 
 0 
 0 
 65 
 65 
 65 
 65 
 112 
 65 
 65 
 16 
 0 
 65 
 65 
 112 
 65 
 65 
 112 
 65 
 65 
 112 
 0 
 16 
 16 
 16 
 16 
 112 
 16 
 16 
 112 
 16 
 16 
 16 
 112 
 16 
 16 
 16 
 16 
 16 
 16 
 16 
 16 
 16 
 16 
 16 
 16 
 16 
 16 
 16 
 16 
 112 
 16 
 16 
 16 
 16 
 16 
 16 
 112 
 16 
 16 
 16 
 16 
