 0 
 0 
 0 
 114 
 114 
 114 
 209 
 0 
 0 
 0 
 0 
 0 
 0 
 114 
 114 
 114 
 114 
 0 
 0 
 0 
 0 
 0 
 19 
 16 
 16 
 16 
 16 
 19 
 0 
 0 
 0 
 0 
 0 
 19 
 16 
 16 
 19 
 0 
 0 
 0 
 0 
 0 
 19 
 16 
 16 
 16 
 16 
 19 
 0 
 0 
 0 
 0 
 19 
 9 
 33 
 33 
 32 
 19 
 0 
 0 
 0 
 19 
 9 
 32 
 32 
 32 
 32 
 1 
 19 
 0 
 19 
 9 
 32 
 32 
 32 
 32 
 32 
 32 
 1 
 19 
 19 
 55 
 32 
 32 
 32 
 32 
 32 
 1 
 1 
 19 
 0 
 19 
 19 
 19 
 19 
 19 
 19 
 19 
 19 
 0 
