 16 
 16 
 16 
 14 
 14 
 14 
 14 
 16 
 16 
 16 
 16 
 14 
 14 
 14 
 14 
 14 
 14 
 14 
 14 
 0 
 16 
 14 
 14 
 14 
 14 
 14 
 14 
 14 
 14 
 16 
 14 
 14 
 14 
 9 
 14 
 14 
 9 
 14 
 14 
 14 
 14 
 14 
 14 
 14 
 14 
 14 
 14 
 14 
 14 
 14 
 14 
 14 
 14 
 14 
 14 
 14 
 14 
 14 
 14 
 14 
 14 
 14 
 16 
 14 
 14 
 14 
 14 
 16 
 14 
 14 
 16 
 14 
 14 
 16 
 16 
 16 
 16 
 14 
 14 
 16 
 16 
 14 
 14 
 14 
 14 
 14 
 14 
 14 
 14 
 16 
 16 
 16 
 16 
 14 
 14 
 14 
 14 
 16 
 16 
 16 
