 186 
 16 
 16 
 16 
 16 
 16 
 16 
 16 
 16 
 16 
 16 
 21 
 16 
 16 
 16 
 16 
 16 
 16 
 16 
 16 
 16 
 16 
 21 
 16 
 16 
 16 
 16 
 16 
 16 
 16 
 16 
 16 
 16 
 186 
 16 
 16 
 16 
 16 
 16 
 16 
 16 
 16 
 16 
 16 
 186 
 16 
 16 
 16 
 16 
 16 
 16 
 16 
 16 
 16 
 16 
 186 
 16 
 16 
 16 
 16 
 16 
 16 
 16 
 16 
 16 
 16 
 186 
 16 
 16 
 16 
 16 
 16 
 16 
 16 
 16 
 16 
 16 
 21 
 16 
 16 
 16 
 16 
 16 
 16 
 16 
 16 
 16 
 16 
 21 
 16 
 16 
 16 
 16 
 16 
 16 
 16 
 16 
 16 
 16 
 186 
