 31 
 16 
 16 
 16 
 16 
 16 
 16 
 16 
 16 
 16 
 31 
 31 
 16 
 16 
 16 
 16 
 16 
 16 
 16 
 16 
 16 
 29 
 29 
 16 
 16 
 16 
 16 
 16 
 16 
 16 
 16 
 16 
 29 
 29 
 16 
 16 
 16 
 16 
 16 
 16 
 16 
 16 
 16 
 28 
 28 
 16 
 16 
 16 
 16 
 16 
 16 
 16 
 16 
 16 
 27 
 27 
 44 
 16 
 16 
 16 
 16 
 16 
 16 
 16 
 44 
 27 
 44 
 16 
 16 
 16 
 16 
 16 
 16 
 16 
 16 
 44 
 186 
 186 
 16 
 16 
 16 
 16 
 16 
 16 
 16 
 16 
 16 
 1 
 186 
 16 
 16 
 16 
 16 
 16 
 16 
 16 
 16 
 16 
 186 
 16 
