 16 
 16 
 28 
 16 
 16 
 16 
 16 
 16 
 16 
 16 
 16 
 28 
 28 
 16 
 16 
 16 
 16 
 16 
 16 
 16 
 16 
 28 
 28 
 16 
 16 
 16 
 16 
 16 
 16 
 16 
 16 
 16 
 28 
 28 
 16 
 16 
 16 
 16 
 16 
 16 
 16 
 16 
 16 
 28 
 28 
 16 
 16 
 16 
 16 
 16 
 16 
 16 
 16 
 16 
 28 
 27 
 44 
 16 
 16 
 16 
 16 
 16 
 16 
 16 
 44 
 27 
 44 
 16 
 16 
 16 
 16 
 16 
 16 
 16 
 16 
 44 
 32 
 32 
 16 
 16 
 16 
 16 
 16 
 16 
 16 
 16 
 16 
 40 
 33 
 16 
 16 
 16 
 16 
 16 
 16 
 16 
 16 
 16 
 32 
 16 
