 30 
 16 
 16 
 16 
 16 
 16 
 16 
 16 
 16 
 16 
 30 
 30 
 16 
 16 
 16 
 16 
 16 
 16 
 16 
 16 
 16 
 29 
 29 
 16 
 16 
 16 
 16 
 16 
 16 
 16 
 16 
 16 
 29 
 29 
 16 
 16 
 16 
 16 
 16 
 16 
 16 
 16 
 16 
 28 
 28 
 14 
 16 
 16 
 16 
 16 
 16 
 16 
 16 
 16 
 27 
 27 
 14 
 16 
 16 
 16 
 16 
 16 
 16 
 16 
 14 
 14 
 114 
 16 
 16 
 16 
 16 
 16 
 16 
 16 
 16 
 16 
 114 
 114 
 16 
 16 
 16 
 16 
 16 
 16 
 16 
 16 
 16 
 114 
 114 
 16 
 16 
 16 
 16 
 16 
 16 
 16 
 16 
 16 
 16 
 16 
