 16 
 16 
 16 
 16 
 16 
 16 
 16 
 16 
 16 
 16 
 30 
 30 
 16 
 16 
 16 
 16 
 16 
 16 
 16 
 16 
 16 
 29 
 29 
 16 
 16 
 16 
 16 
 16 
 16 
 16 
 16 
 16 
 29 
 29 
 16 
 16 
 16 
 16 
 16 
 16 
 16 
 16 
 16 
 28 
 28 
 16 
 16 
 16 
 16 
 16 
 16 
 16 
 16 
 16 
 27 
 25 
 43 
 16 
 16 
 16 
 16 
 16 
 16 
 16 
 43 
 24 
 43 
 16 
 16 
 16 
 16 
 16 
 16 
 16 
 16 
 43 
 186 
 186 
 16 
 16 
 16 
 16 
 16 
 16 
 16 
 16 
 16 
 186 
 186 
 16 
 16 
 16 
 16 
 16 
 16 
 16 
 16 
 16 
 186 
 16 
