 2 
 2 
 2 
 2 
 2 
 2 
 2 
 2 
 2 
 2 
 2 
 2 
 2 
 2 
 2 
 29 
 2 
 2 
 2 
 2 
 2 
 2 
 2 
 2 
 29 
 28 
 28 
 2 
 2 
 2 
 2 
 2 
 2 
 2 
 156 
 24 
 26 
 156 
 2 
 2 
 2 
 2 
 2 
 2 
 23 
 131 
 131 
 158 
 158 
 2 
 2 
 2 
 111 
 2 
 130 
 129 
 130 
 131 
 158 
 131 
 2 
 172 
 172 
 131 
 128 
 130 
 131 
 129 
 130 
 130 
 2 
 172 
 129 
 130 
 128 
 178 
 131 
 131 
 131 
 130 
 172 
 172 
 172 
 172 
 172 
 172 
 172 
 178 
 129 
 130 
 128 
 131 
 130 
 129 
 126 
 128 
 129 
 130 
 128 
 131 
