 2 
 2 
 2 
 2 
 2 
 2 
 2 
 2 
 2 
 2 
 2 
 2 
 2 
 2 
 2 
 2 
 2 
 2 
 2 
 2 
 2 
 2 
 2 
 2 
 2 
 2 
 2 
 2 
 2 
 2 
 27 
 28 
 27 
 25 
 26 
 29 
 28 
 26 
 2 
 2 
 26 
 25 
 26 
 26 
 27 
 28 
 29 
 27 
 28 
 2 
 28 
 26 
 27 
 25 
 28 
 29 
 26 
 25 
 27 
 2 
 27 
 28 
 26 
 27 
 26 
 28 
 28 
 26 
 2 
 2 
 2 
 2 
 2 
 2 
 2 
 2 
 2 
 2 
 2 
 2 
 2 
 2 
 2 
 2 
 2 
 2 
 2 
 2 
 2 
 2 
 2 
 2 
 2 
 2 
 2 
 2 
 2 
 2 
 2 
 2 
