 114 
 114 
 114 
 114 
 114 
 114 
 114 
 114 
 114 
 114 
 114 
 114 
 114 
 114 
 114 
 114 
 114 
 114 
 114 
 114 
 186 
 186 
 186 
 186 
 186 
 40 
 186 
 186 
 186 
 186 
 114 
 114 
 114 
 114 
 114 
 140 
 114 
 114 
 114 
 114 
 114 
 114 
 210 
 210 
 210 
 140 
 210 
 210 
 114 
 114 
 186 
 210 
 210 
 210 
 139 
 139 
 210 
 210 
 210 
 186 
 114 
 114 
 210 
 210 
 210 
 210 
 210 
 210 
 114 
 114 
 114 
 114 
 114 
 114 
 210 
 210 
 114 
 114 
 114 
 114 
 186 
 186 
 186 
 186 
 210 
 210 
 186 
 186 
 186 
 186 
 114 
 114 
 114 
 114 
 210 
 210 
 114 
 114 
 114 
 114 
