 2 
 2 
 2 
 2 
 2 
 20 
 2 
 2 
 2 
 2 
 2 
 2 
 2 
 2 
 20 
 18 
 20 
 2 
 2 
 2 
 2 
 2 
 2 
 18 
 112 
 20 
 18 
 20 
 2 
 2 
 2 
 2 
 18 
 112 
 112 
 112 
 20 
 18 
 20 
 2 
 2 
 18 
 112 
 112 
 112 
 112 
 112 
 20 
 19 
 20 
 2 
 112 
 112 
 112 
 112 
 112 
 112 
 112 
 183 
 183 
 2 
 112 
 112 
 112 
 112 
 186 
 186 
 112 
 183 
 183 
 2 
 112 
 112 
 112 
 112 
 186 
 116 
 112 
 183 
 183 
 2 
 112 
 112 
 112 
 112 
 186 
 186 
 112 
 183 
 2 
 2 
 2 
 2 
 2 
 2 
 2 
 2 
 2 
 2 
 2 
