 114 
 114 
 114 
 114 
 114 
 114 
 114 
 114 
 114 
 114 
 114 
 114 
 114 
 114 
 114 
 114 
 114 
 114 
 114 
 114 
 186 
 186 
 186 
 186 
 186 
 186 
 186 
 186 
 186 
 186 
 114 
 114 
 114 
 114 
 114 
 114 
 114 
 114 
 114 
 114 
 114 
 114 
 210 
 210 
 210 
 210 
 210 
 210 
 114 
 114 
 186 
 210 
 210 
 210 
 210 
 210 
 210 
 210 
 210 
 186 
 114 
 114 
 210 
 210 
 210 
 210 
 210 
 210 
 114 
 114 
 114 
 114 
 114 
 114 
 210 
 210 
 114 
 114 
 114 
 114 
 186 
 186 
 186 
 186 
 210 
 210 
 186 
 186 
 186 
 186 
 114 
 114 
 114 
 114 
 210 
 210 
 114 
 114 
 114 
 114 
