 24 
 24 
 24 
 24 
 24 
 23 
 24 
 24 
 24 
 24 
 22 
 23 
 22 
 22 
 22 
 22 
 24 
 22 
 22 
 23 
 22 
 24 
 22 
 22 
 22 
 22 
 186 
 186 
 22 
 22 
 24 
 24 
 24 
 24 
 186 
 186 
 186 
 186 
 24 
 24 
 22 
 22 
 22 
 186 
 186 
 186 
 186 
 22 
 22 
 24 
 22 
 22 
 186 
 186 
 186 
 17 
 18 
 22 
 22 
 24 
 22 
 186 
 186 
 186 
 17 
 17 
 17 
 18 
 22 
 24 
 24 
 24 
 23 
 24 
 24 
 24 
 24 
 23 
 24 
 24 
 22 
 23 
 22 
 22 
 22 
 22 
 24 
 22 
 22 
 22 
 22 
 24 
 22 
 22 
 22 
 22 
 24 
 22 
 22 
 22 
