 114 
 114 
 114 
 114 
 193 
 112 
 17 
 4 
 4 
 184 
 17 
 114 
 114 
 187 
 192 
 112 
 17 
 4 
 4 
 184 
 17 
 114 
 114 
 114 
 190 
 112 
 17 
 4 
 4 
 184 
 17 
 114 
 114 
 114 
 188 
 112 
 17 
 4 
 4 
 184 
 17 
 114 
 114 
 114 
 191 
 112 
 17 
 4 
 4 
 184 
 184 
 184 
 184 
 184 
 184 
 184 
 17 
 4 
 4 
 184 
 17 
 17 
 17 
 17 
 17 
 17 
 17 
 4 
 4 
 184 
 4 
 4 
 4 
 186 
 186 
 4 
 4 
 20 
 4 
 184 
 4 
 4 
 4 
 6 
 186 
 4 
 4 
 4 
 20 
 184 
 17 
 17 
 17 
 186 
 186 
 17 
 17 
 17 
 17 
 17 
