 53 
 53 
 53 
 53 
 53 
 53 
 53 
 53 
 53 
 53 
 53 
 53 
 53 
 53 
 53 
 53 
 53 
 53 
 53 
 53 
 53 
 53 
 53 
 53 
 53 
 53 
 53 
 53 
 53 
 53 
 53 
 53 
 54 
 53 
 53 
 53 
 53 
 53 
 53 
 53 
 53 
 53 
 53 
 53 
 53 
 53 
 53 
 54 
 53 
 53 
 53 
 53 
 53 
 53 
 53 
 53 
 53 
 53 
 53 
 53 
 53 
 53 
 53 
 53 
 52 
 53 
 53 
 53 
 53 
 53 
 53 
 53 
 53 
 53 
 53 
 53 
 53 
 53 
 53 
 53 
 53 
 53 
 53 
 53 
 53 
 53 
 53 
 53 
 53 
 53 
 53 
 53 
 53 
 53 
 53 
 53 
 53 
 53 
 53 
 53 
