 152 
 45 
 45 
 46 
 46 
 46 
 46 
 47 
 154 
 152 
 153 
 45 
 45 
 46 
 46 
 46 
 46 
 46 
 46 
 153 
 44 
 45 
 46 
 46 
 46 
 46 
 46 
 46 
 46 
 47 
 44 
 45 
 46 
 46 
 46 
 46 
 46 
 46 
 46 
 47 
 153 
 45 
 45 
 46 
 46 
 46 
 46 
 46 
 46 
 153 
 153 
 45 
 45 
 46 
 46 
 46 
 46 
 46 
 46 
 153 
 153 
 153 
 153 
 114 
 114 
 114 
 153 
 152 
 153 
 153 
 153 
 152 
 153 
 6 
 114 
 114 
 153 
 153 
 153 
 153 
 153 
 153 
 153 
 6 
 114 
 185 
 153 
 153 
 154 
 153 
 154 
 153 
 153 
 6 
 114 
 114 
 153 
 152 
 153 
 153 
