32
 32
 32
 32
 32
 32
 32
 32
 32
 32
55
 55
 55
 55
 55
 55
 55
 55
 55
 55
79
 79
 79
 79
 79
 79
 79
 79
 79
 79
176
 176
 176
 176
 176
 176
 176
 176
 176
 176
104
 104
 104
 104
 104
 104
 104
 104
 104
 104
1
 1
 1
 1
 1
 1
 1
 1
 1
 1
 32
 32
 32
 32
 32
 32
 32
 32
 32
 32
 55
 55
 55
 55
 55
 55
 55
 55
 55
 55
 79
 79
 79
 79
 79
 79
 79
 79
 79
 79
 176
 176
 176
 176
 176
 176
 176
 176
 176
 176

