 2 
 2 
 2 
 2 
 2 
 2 
 2 
 2 
 2 
 2 
 2 
 2 
 2 
 2 
 2 
 2 
 2 
 2 
 2 
 2 
 2 
 2 
 2 
 2 
 2 
 2 
 2 
 2 
 2 
 2 
 2 
 2 
 2 
 2 
 2 
 2 
 2 
 2 
 2 
 2 
 2 
 2 
 2 
 2 
 2 
 2 
 2 
 2 
 2 
 2 
 2 
 2 
 2 
 2 
 2 
 2 
 2 
 2 
 2 
 2 
 2 
 2 
 2 
 2 
 2 
 2 
 2 
 2 
 2 
 2 
 2 
 2 
 2 
 2 
 2 
 119 
 2 
 2 
 2 
 2 
 2 
 2 
 2 
 2 
 2 
 2 
 2 
 2 
 2 
 2 
 2 
 2 
 2 
 2 
 2 
 2 
 2 
 2 
 2 
 2 
