 112 
 4 
 27 
 112 
 4 
 4 
 4 
 27 
 4 
 112 
 112 
 4 
 27 
 4 
 112 
 4 
 4 
 27 
 112 
 4 
 232 
 137 
 232 
 137 
 27 
 137 
 27 
 137 
 27 
 185 
 112 
 18 
 184 
 4 
 27 
 4 
 113 
 112 
 4 
 138 
 112 
 184 
 184 
 112 
 137 
 113 
 112 
 184 
 112 
 137 
 112 
 4 
 112 
 4 
 137 
 4 
 4 
 112 
 4 
 27 
 27 
 27 
 137 
 27 
 112 
 27 
 137 
 27 
 137 
 27 
 4 
 112 
 27 
 113 
 113 
 112 
 112 
 113 
 4 
 112 
 112 
 4 
 27 
 4 
 113 
 112 
 184 
 112 
 4 
 4 
 137 
 27 
 27 
 137 
 112 
 137 
 112 
 138 
 27 
 27 
