 159 
 160 
 159 
 159 
 159 
 159 
 159 
 159 
 159 
 159 
 159 
 159 
 159 
 159 
 158 
 159 
 159 
 160 
 159 
 159 
 159 
 159 
 159 
 159 
 159 
 159 
 159 
 159 
 159 
 159 
 159 
 159 
 159 
 159 
 159 
 159 
 161 
 159 
 159 
 159 
 159 
 160 
 159 
 161 
 159 
 159 
 159 
 159 
 159 
 159 
 159 
 159 
 159 
 159 
 159 
 159 
 158 
 160 
 159 
 159 
 159 
 159 
 158 
 159 
 159 
 159 
 159 
 159 
 159 
 159 
 159 
 159 
 159 
 159 
 159 
 159 
 159 
 159 
 159 
 159 
 159 
 159 
 159 
 160 
 159 
 158 
 159 
 159 
 161 
 159 
 159 
 159 
 159 
 159 
 159 
 159 
 159 
 159 
 159 
 159 
