 184 
 4 
 4 
 17 
 112 
 16 
 185 
 186 
 185 
 17 
 184 
 4 
 4 
 17 
 112 
 185 
 186 
 187 
 187 
 185 
 184 
 4 
 4 
 17 
 112 
 186 
 187 
 186 
 187 
 188 
 184 
 4 
 4 
 17 
 112 
 188 
 186 
 18 
 19 
 187 
 184 
 4 
 4 
 17 
 112 
 185 
 187 
 17 
 18 
 188 
 184 
 4 
 4 
 17 
 112 
 184 
 184 
 184 
 184 
 184 
 184 
 4 
 4 
 17 
 17 
 17 
 17 
 17 
 17 
 17 
 184 
 4 
 19 
 4 
 4 
 4 
 4 
 4 
 4 
 4 
 184 
 19 
 4 
 4 
 4 
 4 
 4 
 4 
 4 
 4 
 184 
 184 
 184 
 184 
 184 
 184 
 184 
 184 
 184 
 184 
