 186 
 186 
 186 
 186 
 186 
 186 
 186 
 186 
 186 
 186 
 186 
 189 
 183 
 115 
 151 
 151 
 192 
 183 
 178 
 186 
 186 
 189 
 183 
 115 
 151 
 151 
 192 
 183 
 178 
 186 
 186 
 186 
 186 
 186 
 186 
 186 
 186 
 186 
 186 
 186 
 186 
 115 
 125 
 187 
 189 
 129 
 184 
 115 
 192 
 186 
 186 
 115 
 125 
 187 
 189 
 129 
 184 
 115 
 192 
 186 
 186 
 186 
 186 
 186 
 186 
 186 
 186 
 186 
 186 
 186 
 186 
 115 
 105 
 210 
 115 
 179 
 246 
 189 
 105 
 186 
 186 
 115 
 105 
 210 
 115 
 179 
 246 
 189 
 105 
 186 
 186 
 186 
 186 
 186 
 186 
 186 
 186 
 186 
 186 
 186 
