 2 
 2 
 2 
 2 
 2 
 2 
 2 
 2 
 2 
 2 
 2 
 2 
 2 
 2 
 2 
 114 
 114 
 2 
 2 
 2 
 2 
 2 
 2 
 2 
 2 
 114 
 114 
 2 
 2 
 2 
 2 
 2 
 2 
 2 
 18 
 18 
 18 
 18 
 18 
 18 
 2 
 2 
 2 
 18 
 4 
 4 
 4 
 4 
 4 
 4 
 2 
 2 
 18 
 4 
 4 
 4 
 4 
 4 
 4 
 4 
 2 
 2 
 4 
 4 
 4 
 4 
 4 
 4 
 4 
 4 
 2 
 2 
 4 
 4 
 4 
 4 
 4 
 4 
 4 
 4 
 2 
 2 
 4 
 4 
 4 
 4 
 4 
 4 
 4 
 4 
 2 
 2 
 2 
 2 
 2 
 2 
 2 
 2 
 2 
 2 
