 4 
 4 
 186 
 186 
 186 
 186 
 186 
 186 
 186 
 4 
 4 
 4 
 186 
 186 
 186 
 186 
 186 
 186 
 186 
 4 
 27 
 27 
 186 
 186 
 186 
 186 
 186 
 186 
 186 
 27 
 4 
 4 
 186 
 186 
 186 
 186 
 186 
 186 
 186 
 27 
 4 
 4 
 186 
 186 
 186 
 186 
 186 
 44 
 186 
 27 
 4 
 4 
 186 
 186 
 186 
 186 
 186 
 186 
 186 
 27 
 27 
 27 
 186 
 186 
 186 
 186 
 186 
 186 
 186 
 27 
 4 
 4 
 186 
 186 
 186 
 186 
 186 
 186 
 186 
 4 
 4 
 4 
 186 
 186 
 186 
 186 
 186 
 186 
 186 
 4 
 27 
 27 
 27 
 27 
 27 
 27 
 27 
 27 
 27 
 27 
