 26 
 26 
 23 
 26 
 26 
 26 
 26 
 23 
 26 
 26 
 26 
 26 
 23 
 26 
 26 
 26 
 26 
 23 
 26 
 26 
 26 
 26 
 23 
 26 
 26 
 26 
 26 
 23 
 26 
 26 
 23 
 23 
 23 
 23 
 23 
 23 
 23 
 23 
 23 
 23 
 26 
 26 
 23 
 26 
 26 
 26 
 26 
 23 
 26 
 26 
 26 
 26 
 23 
 26 
 26 
 26 
 26 
 23 
 26 
 26 
 26 
 26 
 23 
 26 
 26 
 26 
 26 
 23 
 26 
 26 
 26 
 26 
 23 
 26 
 26 
 26 
 26 
 23 
 26 
 26 
 23 
 23 
 23 
 23 
 23 
 23 
 23 
 23 
 23 
 23 
 26 
 26 
 23 
 26 
 26 
 26 
 26 
 23 
 26 
 26 
