 2 
 2 
 2 
 2 
 2 
 31 
 2 
 2 
 2 
 2 
 2 
 2 
 2 
 2 
 30 
 29 
 29 
 2 
 2 
 2 
 2 
 2 
 2 
 2 
 29 
 28 
 28 
 2 
 2 
 2 
 2 
 2 
 2 
 156 
 156 
 24 
 26 
 156 
 2 
 2 
 2 
 2 
 156 
 131 
 23 
 131 
 131 
 158 
 158 
 2 
 2 
 158 
 131 
 131 
 130 
 130 
 130 
 131 
 158 
 131 
 128 
 130 
 130 
 130 
 128 
 130 
 131 
 129 
 130 
 130 
 130 
 131 
 129 
 130 
 128 
 130 
 131 
 131 
 131 
 130 
 129 
 131 
 128 
 128 
 128 
 128 
 128 
 128 
 129 
 130 
 128 
 128 
 130 
 129 
 126 
 128 
 129 
 130 
 128 
 131 
