 55 
 55 
 55 
 55 
 55 
 55 
 55 
 55 
 55 
 55 
 32 
 32 
 32 
 32 
 32 
 32 
 32 
 32 
 32 
 32 
 1 
 1 
 1 
 1 
 1 
 1 
 1 
 1 
 1 
 1 
 104 
 104 
 104 
 104 
 104 
 104 
 104 
 104 
 104 
 104 
 176 
 176 
 176 
 176 
 176 
 176 
 176 
 176 
 176 
 176 
 186 
 186 
 186 
 186 
 186 
 186 
 186 
 186 
 186 
 79 
 186 
 186 
 186 
 186 
 186 
 186 
 186 
 186 
 55 
 55 
 186 
 186 
 186 
 186 
 186 
 186 
 186 
 32 
 32 
 32 
 1 
 186 
 1 
 1 
 186 
 1 
 1 
 1 
 1 
 1 
 104 
 186 
 104 
 104 
 186 
 104 
 104 
 104 
 104 
 104 
