 184 
 184 
 184 
 184 
 184 
 184 
 184 
 184 
 184 
 184 
 4 
 4 
 4 
 4 
 4 
 4 
 4 
 4 
 19 
 184 
 4 
 4 
 4 
 4 
 4 
 4 
 4 
 19 
 4 
 184 
 17 
 17 
 17 
 17 
 17 
 17 
 17 
 4 
 4 
 184 
 184 
 184 
 184 
 184 
 184 
 112 
 17 
 4 
 4 
 184 
 189 
 190 
 189 
 188 
 188 
 112 
 17 
 4 
 4 
 184 
 189 
 114 
 114 
 188 
 189 
 112 
 17 
 4 
 4 
 184 
 190 
 114 
 114 
 114 
 189 
 112 
 17 
 4 
 4 
 184 
 189 
 114 
 114 
 114 
 190 
 112 
 17 
 4 
 4 
 184 
 114 
 114 
 114 
 188 
 192 
 112 
 17 
 4 
 4 
 184 
