 176 
 176 
 176 
 176 
 176 
 176 
 176 
 176 
 176 
 176 
 104 
 104 
 6 
 6 
 6 
 6 
 6 
 6 
 104 
 104 
 32 
 6 
 138 
 138 
 138 
 138 
 138 
 138 
 6 
 32 
 6 
 67 
 66 
 67 
 66 
 67 
 66 
 67 
 66 
 6 
 6 
 67 
 66 
 67 
 66 
 67 
 66 
 67 
 66 
 6 
 6 
 67 
 66 
 67 
 66 
 67 
 66 
 67 
 66 
 6 
 6 
 67 
 66 
 67 
 66 
 67 
 66 
 67 
 66 
 6 
 6 
 6 
 6 
 6 
 6 
 6 
 6 
 6 
 6 
 6 
 6 
 32 
 32 
 32 
 32 
 32 
 32 
 32 
 32 
 6 
 55 
 55 
 55 
 55 
 55 
 55 
 55 
 55 
 55 
 55 
