 6 
 0 
 12 
 0 
 15 
 12 
 39 
 39 
 40 
 36 
 12 
 0 
 0 
 38 
 7 
 0 
 35 
 32 
 40 
 28 
 0 
 0 
 38 
 0 
 35 
 0 
 30 
 0 
 0 
 36 
 0 
 0 
 0 
 0 
 0 
 26 
 27 
 40 
 0 
 32 
 12 
 0 
 0 
 35 
 23 
 0 
 0 
 0 
 0 
 36 
 0 
 38 
 0 
 23 
 0 
 18 
 0 
 0 
 0 
 33 
 0 
 0 
 0 
 23 
 0 
 40 
 0 
 0 
 28 
 33 
 12 
 35 
 23 
 0 
 0 
 0 
 0 
 0 
 0 
 37 
 38 
 0 
 18 
 23 
 0 
 30 
 28 
 0 
 0 
 25 
 42 
 37 
 40 
 37 
 29 
 33 
 24 
 37 
 20 
 33 
