 114 
 25 
 4 
 4 
 4 
 4 
 4 
 4 
 25 
 114 
 114 
 25 
 4 
 4 
 4 
 4 
 4 
 4 
 25 
 114 
 186 
 25 
 4 
 4 
 4 
 4 
 4 
 4 
 25 
 186 
 114 
 25 
 4 
 4 
 4 
 4 
 4 
 4 
 25 
 114 
 114 
 25 
 4 
 4 
 4 
 4 
 4 
 4 
 25 
 114 
 186 
 25 
 4 
 4 
 4 
 4 
 4 
 4 
 25 
 186 
 114 
 25 
 4 
 4 
 4 
 4 
 4 
 4 
 25 
 114 
 114 
 25 
 4 
 4 
 4 
 4 
 4 
 4 
 25 
 114 
 186 
 25 
 4 
 4 
 4 
 4 
 4 
 4 
 25 
 186 
 114 
 25 
 4 
 4 
 4 
 4 
 4 
 4 
 25 
 114 
