 2 
 2 
 2 
 2 
 2 
 2 
 2 
 2 
 2 
 2 
 2 
 2 
 2 
 2 
 2 
 2 
 2 
 2 
 2 
 2 
 2 
 2 
 2 
 2 
 2 
 2 
 2 
 2 
 2 
 2 
 2 
 2 
 2 
 2 
 2 
 2 
 2 
 2 
 2 
 2 
 2 
 2 
 2 
 2 
 2 
 2 
 2 
 2 
 2 
 2 
 2 
 2 
 2 
 2 
 2 
 2 
 79 
 55 
 32 
 2 
 2 
 2 
 2 
 2 
 2 
 2 
 79 
 55 
 32 
 2 
 176 
 79 
 55 
 32 
 1 
 104 
 176 
 2 
 32 
 104 
 176 
 79 
 55 
 32 
 1 
 104 
 176 
 2 
 1 
 104 
 176 
 79 
 55 
 32 
 1 
 104 
 2 
 2 
 1 
 104 
