 31 
 31 
 31 
 30 
 31 
 31 
 31 
 31 
 31 
 31 
 31 
 31 
 31 
 31 
 31 
 31 
 31 
 31 
 31 
 31 
 31 
 31 
 31 
 31 
 31 
 31 
 31 
 31 
 31 
 31 
 31 
 31 
 31 
 31 
 31 
 31 
 31 
 31 
 31 
 31 
 31 
 31 
 31 
 31 
 31 
 31 
 31 
 31 
 31 
 31 
 31 
 31 
 31 
 31 
 31 
 31 
 30 
 31 
 31 
 31 
 31 
 31 
 31 
 31 
 102 
 31 
 31 
 31 
 31 
 31 
 31 
 31 
 31 
 31 
 31 
 31 
 31 
 31 
 31 
 31 
 31 
 31 
 31 
 31 
 31 
 31 
 31 
 31 
 31 
 31 
 31 
 31 
 31 
 31 
 31 
 31 
 31 
 31 
 31 
 31 
