 114 
 114 
 114 
 114 
 114 
 114 
 114 
 114 
 114 
 114 
 114 
 114 
 114 
 114 
 114 
 114 
 114 
 114 
 114 
 114 
 186 
 186 
 186 
 186 
 186 
 186 
 186 
 186 
 186 
 186 
 114 
 114 
 114 
 114 
 114 
 114 
 114 
 114 
 114 
 114 
 114 
 114 
 114 
 114 
 114 
 114 
 114 
 114 
 114 
 114 
 186 
 186 
 186 
 186 
 186 
 186 
 186 
 186 
 186 
 186 
 114 
 114 
 114 
 114 
 114 
 114 
 114 
 114 
 114 
 114 
 114 
 114 
 114 
 114 
 114 
 114 
 114 
 114 
 114 
 114 
 186 
 186 
 186 
 186 
 186 
 186 
 186 
 186 
 186 
 186 
 114 
 114 
 114 
 114 
 114 
 114 
 114 
 114 
 114 
 114 
