 114 
 114 
 114 
 114 
 114 
 114 
 114 
 114 
 114 
 114 
 114 
 114 
 114 
 114 
 114 
 114 
 114 
 114 
 114 
 114 
 186 
 186 
 186 
 186 
 186 
 186 
 186 
 186 
 186 
 186 
 114 
 114 
 114 
 114 
 114 
 114 
 114 
 114 
 114 
 114 
 114 
 114 
 114 
 208 
 208 
 208 
 208 
 208 
 208 
 208 
 186 
 186 
 186 
 208 
 208 
 208 
 208 
 208 
 208 
 208 
 114 
 114 
 208 
 208 
 208 
 208 
 208 
 208 
 208 
 114 
 114 
 208 
 186 
 186 
 186 
 186 
 186 
 186 
 208 
 114 
 186 
 208 
 209 
 209 
 116 
 209 
 209 
 209 
 208 
 186 
 114 
 208 
 209 
 209 
 209 
 209 
 209 
 209 
 208 
 114 
