 2 
 2 
 2 
 2 
 2 
 2 
 2 
 2 
 2 
 2 
 2 
 2 
 2 
 2 
 2 
 2 
 2 
 2 
 2 
 2 
 2 
 2 
 2 
 2 
 2 
 2 
 2 
 2 
 2 
 2 
 18 
 18 
 18 
 18 
 18 
 18 
 18 
 2 
 2 
 2 
 4 
 4 
 4 
 4 
 4 
 4 
 4 
 18 
 2 
 2 
 4 
 4 
 4 
 4 
 4 
 4 
 4 
 4 
 18 
 2 
 4 
 4 
 4 
 4 
 6 
 6 
 4 
 4 
 4 
 2 
 4 
 4 
 4 
 4 
 6 
 114 
 4 
 4 
 4 
 2 
 4 
 4 
 4 
 4 
 6 
 6 
 4 
 4 
 4 
 2 
 2 
 2 
 2 
 2 
 2 
 2 
 2 
 2 
 2 
 2 
