 27 
 27 
 27 
 27 
 27 
 27 
 27 
 27 
 26 
 6 
 27 
 27 
 27 
 27 
 27 
 27 
 27 
 27 
 26 
 6 
 27 
 27 
 27 
 27 
 27 
 27 
 27 
 27 
 26 
 6 
 27 
 27 
 27 
 27 
 27 
 27 
 27 
 27 
 26 
 6 
 27 
 27 
 27 
 27 
 27 
 27 
 27 
 26 
 6 
 6 
 6 
 6 
 6 
 6 
 6 
 6 
 6 
 6 
 6 
 6 
 138 
 138 
 138 
 138 
 138 
 138 
 138 
 138 
 6 
 6 
 138 
 138 
 138 
 138 
 138 
 138 
 138 
 138 
 6 
 6 
 6 
 6 
 6 
 6 
 6 
 6 
 6 
 6 
 6 
 6 
 6 
 114 
 114 
 114 
 114 
 114 
 114 
 114 
 114 
 6 
