 114 
 114 
 114 
 114 
 114 
 114 
 114 
 114 
 114 
 114 
 114 
 114 
 112 
 114 
 114 
 114 
 114 
 114 
 114 
 114 
 186 
 186 
 186 
 186 
 186 
 186 
 186 
 112 
 186 
 112 
 114 
 114 
 114 
 114 
 114 
 112 
 112 
 112 
 112 
 112 
 114 
 114 
 114 
 114 
 112 
 112 
 112 
 112 
 112 
 112 
 186 
 186 
 186 
 186 
 112 
 112 
 112 
 112 
 112 
 112 
 114 
 114 
 114 
 114 
 114 
 114 
 114 
 112 
 112 
 112 
 114 
 114 
 114 
 112 
 112 
 114 
 114 
 112 
 114 
 114 
 186 
 186 
 186 
 186 
 186 
 186 
 186 
 186 
 186 
 186 
 114 
 114 
 114 
 114 
 112 
 114 
 114 
 114 
 114 
 114 
