 4 
 4 
 27 
 4 
 1 
 104 
 176 
 4 
 4 
 4 
 4 
 4 
 27 
 4 
 32 
 104 
 79 
 4 
 4 
 4 
 27 
 27 
 27 
 27 
 55 
 176 
 55 
 27 
 27 
 27 
 4 
 4 
 4 
 4 
 79 
 79 
 32 
 4 
 4 
 27 
 4 
 4 
 4 
 4 
 176 
 55 
 1 
 4 
 4 
 27 
 4 
 1 
 32 
 1 
 104 
 32 
 104 
 176 
 79 
 176 
 27 
 27 
 104 
 55 
 32 
 1 
 32 
 55 
 104 
 27 
 4 
 4 
 27 
 176 
 79 
 104 
 55 
 79 
 4 
 4 
 4 
 4 
 27 
 4 
 1 
 176 
 1 
 27 
 4 
 4 
 27 
 27 
 27 
 27 
 27 
 32 
 27 
 27 
 27 
 27 
