 114 
 114 
 114 
 114 
 114 
 114 
 114 
 114 
 114 
 6 
 6 
 6 
 6 
 6 
 6 
 6 
 6 
 6 
 6 
 6 
 27 
 27 
 27 
 27 
 27 
 27 
 27 
 27 
 24 
 6 
 27 
 27 
 27 
 27 
 27 
 27 
 27 
 27 
 25 
 6 
 29 
 29 
 29 
 29 
 29 
 29 
 27 
 27 
 25 
 6 
 29 
 29 
 29 
 29 
 30 
 29 
 27 
 27 
 25 
 6 
 29 
 30 
 29 
 29 
 29 
 29 
 27 
 27 
 25 
 6 
 29 
 29 
 29 
 29 
 29 
 29 
 26 
 27 
 25 
 6 
 26 
 26 
 26 
 26 
 26 
 26 
 25 
 27 
 25 
 6 
 27 
 27 
 27 
 27 
 27 
 27 
 27 
 27 
 25 
 6 
