 2 
 2 
 2 
 2 
 2 
 2 
 2 
 2 
 2 
 2 
 2 
 2 
 2 
 2 
 2 
 2 
 2 
 2 
 2 
 2 
 2 
 2 
 2 
 28 
 28 
 28 
 28 
 28 
 2 
 2 
 2 
 2 
 28 
 26 
 26 
 26 
 26 
 26 
 28 
 2 
 2 
 29 
 29 
 29 
 29 
 29 
 29 
 29 
 29 
 29 
 2 
 2 
 30 
 22 
 30 
 22 
 30 
 22 
 30 
 2 
 2 
 2 
 30 
 22 
 30 
 22 
 30 
 22 
 30 
 2 
 2 
 2 
 30 
 22 
 30 
 22 
 30 
 22 
 30 
 2 
 2 
 2 
 30 
 22 
 30 
 22 
 30 
 22 
 30 
 2 
 2 
 29 
 29 
 29 
 29 
 29 
 29 
 29 
 29 
 29 
