 153 
 153 
 152 
 153 
 153 
 153 
 153 
 153 
 153 
 153 
 153 
 153 
 153 
 153 
 153 
 153 
 153 
 152 
 153 
 153 
 153 
 153 
 153 
 154 
 153 
 153 
 153 
 153 
 153 
 153 
 153 
 153 
 153 
 153 
 153 
 152 
 153 
 153 
 153 
 153 
 153 
 153 
 153 
 153 
 152 
 153 
 153 
 153 
 152 
 153 
 153 
 153 
 153 
 153 
 153 
 153 
 153 
 154 
 153 
 153 
 153 
 152 
 153 
 153 
 154 
 153 
 153 
 153 
 153 
 153 
 153 
 153 
 153 
 153 
 153 
 153 
 153 
 153 
 152 
 153 
 153 
 153 
 153 
 152 
 153 
 153 
 152 
 153 
 153 
 153 
 153 
 153 
 153 
 153 
 153 
 153 
 153 
 153 
 153 
 153 
