 29 
 29 
 29 
 29 
 29 
 29 
 29 
 29 
 29 
 29 
 29 
 29 
 29 
 29 
 29 
 29 
 29 
 26 
 24 
 22 
 0 
 29 
 21 
 21 
 21 
 29 
 29 
 29 
 29 
 29 
 29 
 29 
 29 
 29 
 29 
 29 
 29 
 29 
 26 
 24 
 22 
 0 
 29 
 21 
 29 
 29 
 29 
 29 
 29 
 29 
 29 
 29 
 29 
 29 
 29 
 29 
 29 
 29 
 29 
 26 
 24 
 22 
 0 
 29 
 21 
 21 
 21 
 29 
 29 
 21 
 29 
 29 
 29 
 29 
 29 
 29 
 29 
 29 
 29 
 29 
 26 
 24 
 22 
 0 
 29 
 29 
 29 
 21 
 29 
 21 
 29 
 21 
 29 
 29 
 29 
 29 
 29 
 29 
 29 
 29 
 29 
 26 
 24 
 22 
 0 
 29 
 21 
 21 
 21 
 29 
 21 
 21 
 21 
 29 
 21 
 29 
 21 
 29 
 29 
 29 
 29 
 29 
 26 
 24 
 22 
 0 
 29 
 29 
 29 
 29 
 29 
 21 
 29 
 21 
 29 
 21 
 29 
 21 
 29 
 21 
 21 
 21 
 29 
 26 
 24 
 22 
 0 
 29 
 29 
 29 
 29 
 29 
 21 
 29 
 21 
 29 
 21 
 29 
 21 
 29 
 21 
 29 
 29 
 29 
 26 
 24 
 22 
 0 
 29 
 29 
 29 
 29 
 29 
 29 
 29 
 29 
 29 
 21 
 21 
 21 
 29 
 21 
 21 
 29 
 29 
 26 
 24 
 22 
 0 
 29 
 29 
 29 
 29 
 29 
 29 
 29 
 29 
 29 
 29 
 21 
 29 
 29 
 21 
 29 
 29 
 29 
 26 
 24 
 22 
 0 
 29 
 29 
 29 
 29 
 29 
 29 
 29 
 29 
 29 
 29 
 29 
 29 
 29 
 21 
 21 
 21 
 29 
 26 
 24 
 22 
 0 
 29 
 29 
 29 
 29 
 29 
 29 
 29 
 29 
 29 
 29 
 29 
 29 
 29 
 29 
 29 
 29 
 29 
 26 
 24 
 22 
 0 
 26 
 26 
 26 
 26 
 26 
 26 
 26 
 26 
 26 
 26 
 26 
 26 
 26 
 26 
 26 
 26 
 26 
 26 
 24 
 22 
 0 
 24 
 24 
 24 
 24 
 24 
 24 
 24 
 24 
 24 
 24 
 24 
 24 
 24 
 24 
 24 
 24 
 24 
 24 
 24 
 22 
 0 
 22 
 22 
 22 
 22 
 22 
 22 
 22 
 22 
 22 
 22 
 22 
 22 
 22 
 22 
 22 
 22 
 22 
 22 
 22 
 22 
 0 
