 2 
 2 
 45 
 45 
 46 
 46 
 46 
 2 
 2 
 2 
 2 
 2 
 45 
 46 
 46 
 46 
 46 
 46 
 2 
 2 
 2 
 44 
 45 
 46 
 46 
 46 
 46 
 46 
 47 
 2 
 2 
 44 
 45 
 46 
 46 
 46 
 46 
 46 
 47 
 2 
 2 
 2 
 45 
 46 
 46 
 46 
 46 
 46 
 2 
 2 
 2 
 2 
 45 
 45 
 46 
 46 
 46 
 46 
 2 
 2 
 2 
 2 
 2 
 2 
 114 
 114 
 2 
 2 
 2 
 2 
 2 
 2 
 2 
 2 
 6 
 114 
 2 
 2 
 2 
 2 
 2 
 2 
 2 
 2 
 6 
 114 
 2 
 2 
 2 
 2 
 2 
 2 
 2 
 2 
 6 
 114 
 2 
 2 
 2 
 2 
