 31 
 31 
 31 
 31 
 31 
 31 
 31 
 31 
 31 
 31 
 31 
 31 
 31 
 31 
 121 
 31 
 31 
 31 
 31 
 31 
 31 
 31 
 31 
 31 
 120 
 31 
 31 
 31 
 31 
 31 
 31 
 31 
 31 
 120 
 120 
 120 
 31 
 31 
 31 
 31 
 31 
 31 
 31 
 120 
 120 
 120 
 31 
 31 
 31 
 31 
 31 
 31 
 120 
 120 
 120 
 120 
 120 
 31 
 31 
 31 
 31 
 31 
 120 
 120 
 121 
 121 
 120 
 31 
 31 
 31 
 31 
 120 
 120 
 120 
 120 
 120 
 120 
 120 
 31 
 31 
 31 
 31 
 31 
 31 
 114 
 31 
 31 
 31 
 31 
 31 
 31 
 31 
 31 
 31 
 114 
 31 
 31 
 31 
 31 
 31 
