 190 
 4 
 27 
 4 
 4 
 190 
 4 
 27 
 190 
 4 
 4 
 190 
 27 
 4 
 190 
 4 
 4 
 190 
 4 
 4 
 27 
 27 
 190 
 27 
 190 
 27 
 27 
 27 
 190 
 27 
 4 
 4 
 190 
 4 
 27 
 190 
 4 
 4 
 190 
 190 
 190 
 4 
 4 
 190 
 27 
 190 
 4 
 4 
 190 
 27 
 4 
 190 
 4 
 4 
 190 
 4 
 4 
 190 
 4 
 27 
 27 
 27 
 27 
 190 
 27 
 27 
 27 
 27 
 190 
 27 
 4 
 4 
 190 
 4 
 190 
 4 
 4 
 27 
 4 
 190 
 4 
 190 
 27 
 4 
 190 
 4 
 4 
 27 
 4 
 190 
 190 
 27 
 27 
 27 
 27 
 190 
 27 
 27 
 190 
 27 
