 6 
 25 
 27 
 27 
 27 
 27 
 27 
 27 
 27 
 27 
 6 
 25 
 27 
 27 
 26 
 27 
 27 
 27 
 27 
 27 
 6 
 25 
 27 
 27 
 27 
 27 
 27 
 27 
 26 
 27 
 6 
 25 
 27 
 27 
 27 
 27 
 27 
 27 
 27 
 27 
 6 
 25 
 27 
 27 
 27 
 27 
 26 
 27 
 27 
 27 
 6 
 25 
 27 
 27 
 27 
 27 
 27 
 27 
 27 
 27 
 6 
 25 
 27 
 26 
 27 
 27 
 27 
 27 
 27 
 27 
 6 
 25 
 27 
 27 
 27 
 27 
 27 
 26 
 27 
 27 
 6 
 25 
 27 
 27 
 27 
 27 
 27 
 27 
 27 
 27 
 6 
 25 
 27 
 27 
 27 
 27 
 27 
 27 
 27 
 27 
