 27 
 27 
 27 
 27 
 27 
 27 
 27 
 27 
 25 
 6 
 27 
 27 
 27 
 27 
 27 
 27 
 27 
 27 
 25 
 6 
 27 
 27 
 27 
 27 
 27 
 26 
 27 
 27 
 25 
 6 
 27 
 27 
 27 
 27 
 27 
 27 
 27 
 27 
 25 
 6 
 27 
 27 
 27 
 26 
 27 
 27 
 27 
 27 
 25 
 6 
 27 
 27 
 27 
 27 
 27 
 27 
 27 
 27 
 25 
 6 
 27 
 27 
 27 
 27 
 27 
 27 
 27 
 27 
 25 
 6 
 27 
 27 
 27 
 27 
 27 
 26 
 27 
 27 
 25 
 6 
 27 
 26 
 27 
 27 
 27 
 27 
 27 
 27 
 25 
 6 
 27 
 27 
 27 
 27 
 27 
 27 
 27 
 27 
 25 
 6 
