 184 
 184 
 184 
 184 
 184 
 184 
 184 
 184 
 184 
 184 
 184 
 19 
 4 
 4 
 4 
 4 
 4 
 4 
 4 
 4 
 184 
 4 
 19 
 4 
 4 
 4 
 4 
 4 
 4 
 4 
 184 
 4 
 4 
 17 
 17 
 17 
 17 
 17 
 17 
 17 
 184 
 4 
 4 
 17 
 112 
 184 
 184 
 184 
 184 
 184 
 184 
 4 
 4 
 17 
 112 
 26 
 27 
 28 
 29 
 30 
 184 
 4 
 4 
 17 
 112 
 25 
 32 
 55 
 176 
 29 
 184 
 4 
 4 
 17 
 112 
 24 
 32 
 1 
 104 
 28 
 184 
 4 
 4 
 17 
 112 
 23 
 24 
 25 
 26 
 27 
 184 
 4 
 4 
 17 
 112 
 189 
 16 
 184 
 185 
 16 
