 2 
 2 
 2 
 2 
 2 
 31 
 2 
 2 
 2 
 2 
 2 
 2 
 2 
 2 
 30 
 29 
 29 
 2 
 2 
 2 
 2 
 2 
 2 
 2 
 29 
 28 
 28 
 2 
 2 
 2 
 2 
 2 
 2 
 156 
 156 
 24 
 176 
 176 
 2 
 2 
 2 
 2 
 156 
 131 
 23 
 79 
 79 
 158 
 155 
 2 
 2 
 158 
 131 
 131 
 130 
 130 
 55 
 55 
 131 
 131 
 128 
 130 
 130 
 130 
 128 
 130 
 131 
 32 
 32 
 130 
 130 
 131 
 129 
 130 
 128 
 130 
 131 
 131 
 1 
 104 
 129 
 131 
 128 
 128 
 128 
 128 
 128 
 128 
 129 
 104 
 128 
 128 
 130 
 129 
 126 
 128 
 129 
 130 
 128 
 131 
