 159 
 159 
 159 
 159 
 159 
 159 
 158 
 159 
 160 
 159 
 114 
 159 
 159 
 160 
 159 
 159 
 159 
 159 
 161 
 159 
 114 
 114 
 159 
 159 
 159 
 159 
 159 
 159 
 159 
 159 
 114 
 114 
 114 
 159 
 159 
 159 
 159 
 159 
 159 
 159 
 114 
 114 
 114 
 114 
 159 
 160 
 159 
 159 
 159 
 159 
 114 
 114 
 114 
 114 
 114 
 159 
 159 
 159 
 159 
 161 
 114 
 114 
 114 
 114 
 114 
 114 
 159 
 159 
 159 
 159 
 114 
 114 
 114 
 114 
 114 
 114 
 114 
 159 
 159 
 159 
 114 
 114 
 114 
 114 
 114 
 114 
 114 
 114 
 159 
 159 
 114 
 114 
 114 
 114 
 114 
 114 
 114 
 114 
 114 
 159 
