 176 
 176 
 176 
 176 
 176 
 176 
 176 
 176 
 176 
 176 
 104 
 104 
 104 
 104 
 104 
 104 
 6 
 6 
 104 
 104 
 32 
 32 
 32 
 32 
 32 
 6 
 67 
 66 
 114 
 32 
 6 
 55 
 55 
 55 
 55 
 115 
 66 
 67 
 66 
 115 
 6 
 66 
 79 
 79 
 79 
 79 
 67 
 66 
 67 
 6 
 6 
 66 
 67 
 176 
 176 
 176 
 176 
 66 
 67 
 6 
 6 
 114 
 67 
 66 
 104 
 104 
 104 
 66 
 66 
 6 
 6 
 114 
 114 
 6 
 32 
 32 
 32 
 32 
 6 
 6 
 115 
 114 
 55 
 55 
 55 
 55 
 55 
 55 
 55 
 6 
 114 
 79 
 79 
 79 
 79 
 79 
 79 
 79 
 79 
 79 
