 26 
 114 
 114 
 114 
 114 
 114 
 114 
 114 
 114 
 26 
 26 
 114 
 114 
 114 
 114 
 114 
 114 
 114 
 114 
 26 
 26 
 114 
 114 
 114 
 114 
 114 
 114 
 114 
 114 
 26 
 23 
 114 
 114 
 114 
 114 
 114 
 114 
 114 
 114 
 23 
 26 
 114 
 114 
 114 
 114 
 114 
 116 
 116 
 114 
 26 
 26 
 114 
 114 
 114 
 114 
 114 
 116 
 116 
 114 
 26 
 26 
 114 
 114 
 114 
 114 
 114 
 114 
 114 
 114 
 26 
 26 
 114 
 114 
 114 
 114 
 114 
 114 
 114 
 114 
 26 
 23 
 114 
 114 
 114 
 114 
 114 
 114 
 114 
 114 
 23 
 26 
 114 
 114 
 114 
 114 
 114 
 114 
 114 
 114 
 26 
