 2 
 2 
 2 
 26 
 27 
 29 
 28 
 2 
 2 
 2 
 2 
 2 
 2 
 29 
 28 
 27 
 25 
 2 
 2 
 2 
 2 
 2 
 2 
 26 
 27 
 25 
 27 
 2 
 2 
 2 
 26 
 28 
 26 
 28 
 29 
 26 
 28 
 2 
 2 
 2 
 24 
 27 
 25 
 29 
 28 
 29 
 2 
 2 
 2 
 2 
 25 
 28 
 27 
 26 
 27 
 28 
 2 
 2 
 2 
 2 
 26 
 25 
 26 
 25 
 2 
 2 
 2 
 2 
 2 
 2 
 2 
 2 
 2 
 2 
 2 
 2 
 2 
 2 
 2 
 2 
 2 
 2 
 2 
 2 
 2 
 2 
 2 
 2 
 2 
 2 
 2 
 2 
 2 
 2 
 2 
 2 
 2 
 2 
 2 
 2 
