 26 
 26 
 23 
 26 
 26 
 26 
 26 
 23 
 26 
 26 
 26 
 26 
 23 
 26 
 26 
 26 
 26 
 23 
 26 
 26 
 26 
 26 
 23 
 26 
 26 
 26 
 26 
 23 
 26 
 26 
 23 
 23 
 23 
 23 
 23 
 19 
 23 
 23 
 23 
 23 
 26 
 26 
 23 
 26 
 19 
 18 
 19 
 23 
 26 
 26 
 26 
 26 
 23 
 26 
 26 
 19 
 26 
 23 
 26 
 26 
 26 
 26 
 23 
 26 
 26 
 26 
 26 
 23 
 26 
 26 
 26 
 26 
 23 
 26 
 26 
 26 
 26 
 23 
 26 
 26 
 23 
 23 
 23 
 23 
 23 
 23 
 23 
 23 
 23 
 23 
 26 
 26 
 23 
 26 
 26 
 26 
 26 
 23 
 26 
 26 
