 159 
 159 
 159 
 159 
 159 
 161 
 159 
 159 
 159 
 159 
 160 
 161 
 159 
 156 
 159 
 159 
 158 
 159 
 159 
 159 
 159 
 159 
 159 
 159 
 159 
 159 
 159 
 160 
 159 
 159 
 158 
 159 
 159 
 159 
 159 
 160 
 161 
 159 
 158 
 159 
 159 
 159 
 159 
 159 
 158 
 159 
 159 
 159 
 159 
 159 
 159 
 159 
 159 
 159 
 159 
 159 
 159 
 159 
 159 
 159 
 159 
 160 
 161 
 159 
 159 
 156 
 159 
 159 
 159 
 159 
 159 
 159 
 159 
 158 
 161 
 160 
 159 
 159 
 158 
 159 
 159 
 159 
 159 
 159 
 159 
 159 
 159 
 159 
 158 
 159 
 161 
 159 
 159 
 159 
 159 
 158 
 159 
 159 
 161 
 159 
