 153 
 153 
 153 
 153 
 153 
 153 
 153 
 153 
 152 
 153 
 153 
 153 
 154 
 153 
 153 
 153 
 153 
 153 
 153 
 153 
 153 
 153 
 153 
 150 
 153 
 153 
 153 
 153 
 153 
 153 
 153 
 153 
 153 
 153 
 153 
 153 
 153 
 153 
 153 
 153 
 153 
 153 
 153 
 153 
 153 
 153 
 150 
 153 
 154 
 153 
 153 
 153 
 153 
 153 
 153 
 153 
 153 
 153 
 153 
 153 
 153 
 153 
 154 
 153 
 153 
 153 
 152 
 153 
 153 
 153 
 153 
 152 
 153 
 153 
 150 
 153 
 153 
 153 
 153 
 153 
 153 
 153 
 153 
 153 
 153 
 153 
 153 
 153 
 154 
 153 
 153 
 153 
 153 
 153 
 153 
 153 
 153 
 153 
 153 
 153 
