 55 
 55 
 55 
 55 
 55 
 55 
 55 
 55 
 55 
 55 
 32 
 32 
 32 
 32 
 32 
 32 
 32 
 32 
 32 
 32 
 1 
 1 
 1 
 1 
 1 
 1 
 1 
 1 
 1 
 1 
 104 
 104 
 104 
 104 
 104 
 104 
 104 
 104 
 104 
 104 
 176 
 176 
 176 
 176 
 176 
 176 
 176 
 176 
 176 
 176 
 79 
 79 
 79 
 79 
 79 
 79 
 79 
 79 
 79 
 79 
 55 
 55 
 55 
 55 
 55 
 55 
 55 
 55 
 55 
 55 
 32 
 32 
 32 
 32 
 32 
 32 
 32 
 32 
 32 
 32 
 1 
 1 
 1 
 1 
 1 
 1 
 1 
 1 
 1 
 1 
 104 
 104 
 104 
 104 
 104 
 104 
 104 
 104 
 104 
 104 
