 159 
 159 
 114 
 159 
 159 
 159 
 159 
 114 
 160 
 159 
 159 
 159 
 114 
 114 
 114 
 114 
 114 
 114 
 161 
 159 
 159 
 159 
 114 
 159 
 159 
 159 
 159 
 114 
 159 
 159 
 159 
 159 
 114 
 114 
 114 
 114 
 114 
 114 
 159 
 159 
 159 
 159 
 114 
 159 
 159 
 159 
 159 
 114 
 159 
 159 
 159 
 159 
 114 
 114 
 114 
 114 
 114 
 114 
 159 
 161 
 159 
 159 
 114 
 159 
 159 
 159 
 159 
 114 
 159 
 159 
 159 
 159 
 114 
 114 
 114 
 114 
 114 
 114 
 159 
 159 
 159 
 159 
 114 
 159 
 159 
 159 
 159 
 114 
 159 
 159 
 159 
 159 
 114 
 114 
 114 
 114 
 114 
 114 
 159 
 159 
