 186 
 186 
 186 
 186 
 186 
 186 
 186 
 186 
 186 
 186 
 186 
 105 
 189 
 246 
 183 
 189 
 182 
 112 
 115 
 186 
 186 
 105 
 189 
 246 
 183 
 189 
 115 
 182 
 112 
 186 
 186 
 186 
 186 
 186 
 186 
 186 
 186 
 186 
 186 
 186 
 186 
 115 
 198 
 184 
 115 
 189 
 187 
 125 
 115 
 186 
 186 
 198 
 115 
 184 
 115 
 189 
 187 
 125 
 115 
 186 
 186 
 186 
 186 
 186 
 186 
 186 
 186 
 186 
 186 
 186 
 186 
 202 
 202 
 202 
 115 
 188 
 188 
 188 
 188 
 186 
 186 
 190 
 190 
 190 
 183 
 183 
 184 
 178 
 178 
 186 
 186 
 186 
 186 
 186 
 186 
 186 
 186 
 186 
 186 
 186 
