 2 
 2 
 2 
 2 
 2 
 6 
 6 
 6 
 6 
 6 
 2 
 2 
 2 
 2 
 2 
 6 
 6 
 6 
 6 
 6 
 2 
 2 
 2 
 2 
 2 
 6 
 6 
 6 
 6 
 6 
 2 
 2 
 2 
 2 
 6 
 6 
 6 
 6 
 6 
 6 
 2 
 2 
 2 
 2 
 6 
 6 
 6 
 6 
 6 
 6 
 2 
 2 
 2 
 2 
 6 
 6 
 6 
 6 
 6 
 6 
 2 
 2 
 2 
 6 
 6 
 6 
 79 
 55 
 32 
 6 
 176 
 79 
 55 
 32 
 1 
 104 
 176 
 6 
 32 
 104 
 176 
 79 
 55 
 32 
 1 
 104 
 6 
 6 
 1 
 104 
 176 
 79 
 55 
 32 
 1 
 104 
 6 
 6 
 1 
 104 
