 4 
 4 
 27 
 4 
 17 
 17 
 17 
 27 
 19 
 19 
 4 
 4 
 27 
 18 
 17 
 16 
 17 
 27 
 4 
 19 
 27 
 27 
 18 
 16 
 16 
 16 
 16 
 18 
 27 
 27 
 4 
 4 
 4 
 16 
 16 
 16 
 16 
 4 
 4 
 27 
 4 
 4 
 18 
 16 
 16 
 16 
 16 
 18 
 4 
 27 
 4 
 18 
 17 
 16 
 16 
 16 
 17 
 17 
 18 
 27 
 27 
 27 
 18 
 16 
 16 
 16 
 16 
 17 
 27 
 27 
 4 
 19 
 19 
 16 
 16 
 16 
 16 
 27 
 4 
 4 
 4 
 4 
 18 
 16 
 16 
 16 
 16 
 17 
 4 
 4 
 27 
 19 
 27 
 18 
 18 
 18 
 17 
 27 
 27 
 27 
