 16 
 16 
 16 
 16 
 16 
 138 
 16 
 16 
 16 
 16 
 16 
 16 
 16 
 16 
 16 
 114 
 16 
 16 
 16 
 16 
 16 
 16 
 16 
 16 
 16 
 114 
 16 
 16 
 16 
 16 
 16 
 16 
 16 
 16 
 16 
 114 
 16 
 16 
 16 
 16 
 16 
 16 
 16 
 16 
 16 
 114 
 16 
 16 
 16 
 16 
 16 
 16 
 16 
 16 
 16 
 114 
 16 
 16 
 16 
 16 
 16 
 16 
 16 
 16 
 21 
 23 
 21 
 16 
 16 
 16 
 16 
 16 
 16 
 16 
 16 
 25 
 16 
 16 
 16 
 16 
 16 
 16 
 16 
 16 
 16 
 16 
 16 
 16 
 16 
 16 
 16 
 16 
 16 
 16 
 16 
 16 
 16 
 16 
 16 
 16 
