 6 
 114 
 114 
 114 
 114 
 114 
 114 
 114 
 114 
 114 
 6 
 6 
 6 
 6 
 6 
 6 
 6 
 6 
 6 
 6 
 6 
 24 
 27 
 27 
 27 
 27 
 27 
 27 
 27 
 27 
 6 
 25 
 27 
 27 
 27 
 27 
 27 
 27 
 27 
 27 
 6 
 25 
 27 
 27 
 29 
 29 
 29 
 29 
 29 
 30 
 6 
 25 
 27 
 27 
 29 
 30 
 29 
 29 
 29 
 29 
 6 
 25 
 27 
 27 
 29 
 29 
 29 
 29 
 30 
 29 
 6 
 25 
 27 
 27 
 29 
 29 
 29 
 29 
 29 
 29 
 6 
 25 
 27 
 27 
 27 
 26 
 26 
 26 
 26 
 26 
 6 
 25 
 27 
 27 
 27 
 27 
 27 
 27 
 27 
 27 
