 2 
 2 
 2 
 2 
 2 
 2 
 2 
 2 
 2 
 2 
 2 
 2 
 2 
 2 
 2 
 2 
 2 
 2 
 2 
 2 
 2 
 2 
 2 
 2 
 2 
 2 
 2 
 2 
 2 
 2 
 2 
 2 
 2 
 2 
 2 
 2 
 2 
 2 
 2 
 2 
 2 
 2 
 2 
 2 
 2 
 2 
 2 
 2 
 2 
 2 
 2 
 2 
 2 
 2 
 2 
 2 
 2 
 2 
 2 
 2 
 153 
 2 
 2 
 2 
 2 
 2 
 2 
 2 
 2 
 2 
 131 
 153 
 2 
 2 
 2 
 2 
 2 
 2 
 2 
 2 
 130 
 130 
 154 
 155 
 2 
 2 
 2 
 2 
 2 
 2 
 128 
 130 
 130 
 153 
 154 
 2 
 2 
 2 
 2 
 2 
