 2 
 2 
 2 
 2 
 2 
 2 
 2 
 2 
 2 
 2 
 2 
 2 
 2 
 2 
 2 
 2 
 2 
 2 
 2 
 2 
 2 
 2 
 2 
 2 
 2 
 2 
 2 
 2 
 2 
 2 
 2 
 2 
 2 
 2 
 29 
 26 
 2 
 2 
 2 
 2 
 2 
 2 
 2 
 29 
 28 
 29 
 28 
 2 
 2 
 2 
 2 
 2 
 2 
 26 
 27 
 28 
 26 
 2 
 2 
 2 
 2 
 2 
 2 
 2 
 26 
 25 
 2 
 2 
 2 
 2 
 2 
 2 
 2 
 2 
 2 
 2 
 2 
 2 
 2 
 2 
 2 
 2 
 2 
 2 
 2 
 2 
 2 
 2 
 2 
 2 
 2 
 2 
 2 
 2 
 2 
 2 
 2 
 2 
 2 
 2 
