 25 
 17 
 22 
 20 
 18 
 24 
 21 
 21 
 22 
 17 
 20 
 23 
 19 
 20 
 22 
 21 
 20 
 20 
 20 
 22 
 21 
 21 
 22 
 19 
 21 
 21 
 20 
 5 
 5 
 5 
 5 
 5 
 5 
 5 
 5 
 5 
 5 
 5 
 5 
 5 
 5 
 5 
 5 
 5 
 5 
 5 
 5 
 5 
 5 
 5 
 5 
 5 
 5 
 3 
 3 
 3 
 3 
 3 
 3 
 3 
 3 
 3 
 13 
 3 
 3 
 3 
 3 
 3 
 3 
 3 
 3 
 3 
 3 
 3 
 3 
 3 
 5 
 5 
 3 
 3 
 3 
 12 
 3 
 3 
 3 
 2 
 4 
 4 
 3 
 3 
 3 
 3 
 3 
 3 
 1 
 1 
 1 
 3 
 12 
 3 
 3 
 5 
 5 
 3 
 3 
 3 
 4 
 3 
 3 
 3 
 3 
 3 
 4 
 4 
 4 
 3 
 3 
 12 
 3 
 1 
 1 
 1 
 1 
 4 
 1 
 3 
 5 
 5 
 3 
 3 
 3 
 4 
 3 
 3 
 3 
 3 
 3 
 4 
 3 
 4 
 4 
 4 
 4 
 3 
 4 
 4 
 4 
 4 
 4 
 1 
 1 
 5 
 5 
 3 
 1 
 3 
 4 
 4 
 3 
 3 
 3 
 3 
 4 
 3 
 3 
 3 
 3 
 3 
 3 
 4 
 1 
 1 
 1 
 1 
 1 
 1 
 5 
 5 
 3 
 3 
 3 
 3 
 4 
 3 
 1 
 3 
 3 
 4 
 3 
 14 
 14 
 3 
 3 
 1 
 4 
 1 
 1 
 1 
 1 
 1 
 1 
 5 
 5 
 3 
 3 
 3 
 3 
 4 
 4 
 4 
 4 
 4 
 4 
 4 
 4 
 4 
 4 
 4 
 4 
 4 
 4 
 4 
 1 
 1 
 1 
 1 
 5 
 5 
 12 
 3 
 3 
 3 
 3 
 3 
 1 
 1 
 1 
 1 
 1 
 1 
 1 
 1 
 1 
 1 
 1 
 1 
 4 
 1 
 1 
 1 
 1 
 5 
 5 
 1 
 1 
 3 
 1 
 1 
 1 
 1 
 1 
 1 
 1 
 1 
 1 
 1 
 1 
 1 
 1 
 1 
 1 
 4 
 1 
 1 
 1 
 1 
 5 
 5 
 1 
 1 
 4 
 4 
 4 
 1 
 1 
 1 
 1 
 1 
 1 
 1 
 1 
 1 
 1 
 1 
 1 
 1 
 4 
 1 
 1 
 1 
 1 
 5 
 5 
 1 
 1 
 1 
 1 
 4 
 4 
 4 
 4 
 4 
 4 
 4 
 4 
 4 
 4 
 4 
 4 
 4 
 4 
 4 
 1 
 1 
 1 
 1 
 5 
 5 
 1 
 1 
 1 
 1 
 1 
 1 
 1 
 1 
 1 
 1 
 1 
 1 
 1 
 1 
 1 
 1 
 1 
 1 
 4 
 1 
 1 
 1 
 1 
 5 
 5 
 1 
 1 
 1 
 1 
 1 
 1 
 1 
 1 
 1 
 1 
 1 
 1 
 1 
 1 
 1 
 1 
 1 
 1 
 4 
 1 
 1 
 1 
 1 
 5 
 5 
 5 
 5 
 5 
 5 
 5 
 5 
 5 
 5 
 5 
 5 
 5 
 5 
 5 
 5 
 5 
 5 
 5 
 5 
 4 
 5 
 5 
 5 
 5 
 5 
 22 
 25 
 21 
 21 
 20 
 24 
 22 
 22 
 18 
 23 
 20 
 0 
 0 
 0 
 0 
 0 
 20 
 21 
 20 
 20 
 19 
 21 
 19 
 20 
 22 
 20 
 21 
 20 
 20 
 22 
 22 
 18 
 20 
 21 
 21 
 22 
 20 
 19 
 22 
 24 
 21 
 23 
 19 
 21 
 21 
 21 
 21 
 21 
 21 
 22 
